1.0 0.9960784316062927 1.0 0.95686274766922 1.0 1.0 0.9764705896377563 1.0 1.0 1.0 
1.0 1.0 0.9686274528503418 1.0 0.8705882430076599 1.0 1.0 0.9843137264251709 1.0 1.0 
0.9960784316062927 0.9921568632125854 1.0 0.9411764740943909 0.11372554302215576 0.4117647409439087 1.0 0.8352941274642944 1.0 1.0 
1.0 0.843137264251709 1.0 0.4117647409439087 0.1568627953529358 0.24705886840820312 0.9333333373069763 1.0 0.9176470637321472 1.0 
1.0 0.886274516582489 1.0 0.23137259483337402 1.0 0.30588239431381226 0.501960813999176 1.0 0.8784313797950745 1.0 
0.8470588326454163 1.0 0.5882353186607361 0.09019613265991211 0.3960784673690796 0.14901965856552124 0.27450984716415405 1.0 0.886274516582489 1.0 
0.8392156958580017 1.0 0.2705882787704468 0.24313730001449585 0.4431372880935669 0.3607843518257141 0.16078436374664307 0.7686274647712708 1.0 0.9647058844566345 
1.0 0.7882353067398071 0.188235342502594 0.8117647171020508 1.0 1.0 0.23921573162078857 0.4078431725502014 1.0 0.886274516582489 
1.0 0.8196078538894653 0.686274528503418 0.9803921580314636 0.8156862854957581 1.0 0.7098039388656616 0.6784313917160034 1.0 0.9529411792755127 
0.95686274766922 1.0 1.0 0.9764705896377563 1.0 0.9529411792755127 1.0 1.0 0.9411764740943909 1.0 
