1.0 1.0 1.0 1.0 0.9960784316062927 0.9921568632125854 0.9921568632125854 0.9960784316062927 1.0 1.0 1.0 0.9960784316062927 0.9921568632125854 0.9921568632125854 0.9960784316062927 1.0 1.0 1.0 1.0 1.0 1.0 1.0 1.0 1.0 1.0 1.0 1.0 1.0 1.0 1.0 1.0 1.0 1.0 1.0 1.0 1.0 1.0 1.0 1.0 1.0 1.0 1.0 1.0 1.0 1.0 1.0 1.0 1.0 1.0 1.0 1.0 1.0 1.0 1.0 1.0 1.0 1.0 1.0 1.0 1.0 1.0 1.0 1.0 1.0 1.0 1.0 1.0 1.0 1.0 1.0 1.0 1.0 1.0 1.0 1.0 1.0 1.0 1.0 1.0 1.0 1.0 1.0 1.0 1.0 1.0 1.0 1.0 1.0 1.0 1.0 1.0 1.0 1.0 1.0 1.0 1.0 1.0 1.0 1.0 1.0 1.0 
1.0 1.0 1.0 0.9960784316062927 0.9960784316062927 0.9921568632125854 0.9921568632125854 0.9960784316062927 1.0 1.0 1.0 0.9960784316062927 0.9921568632125854 0.9960784316062927 0.9960784316062927 1.0 1.0 1.0 1.0 1.0 1.0 1.0 1.0 1.0 1.0 1.0 1.0 1.0 1.0 1.0 1.0 1.0 1.0 1.0 1.0 1.0 1.0 1.0 1.0 1.0 1.0 1.0 1.0 1.0 1.0 1.0 1.0 1.0 1.0 1.0 1.0 1.0 1.0 1.0 1.0 1.0 1.0 1.0 1.0 1.0 1.0 1.0 1.0 1.0 1.0 1.0 1.0 1.0 1.0 1.0 1.0 1.0 1.0 1.0 1.0 1.0 1.0 1.0 1.0 1.0 1.0 1.0 1.0 1.0 1.0 1.0 1.0 1.0 1.0 1.0 1.0 1.0 1.0 1.0 1.0 1.0 1.0 1.0 1.0 1.0 1.0 
1.0 1.0 1.0 0.9960784316062927 0.9960784316062927 0.9921568632125854 0.9960784316062927 1.0 1.0 1.0 0.9960784316062927 0.9921568632125854 0.9960784316062927 0.9960784316062927 0.9960784316062927 1.0 1.0 1.0 1.0 1.0 1.0 1.0 1.0 1.0 1.0 1.0 1.0 1.0 1.0 1.0 1.0 1.0 1.0 1.0 1.0 1.0 1.0 1.0 1.0 1.0 1.0 1.0 1.0 1.0 1.0 1.0 1.0 1.0 1.0 1.0 1.0 1.0 1.0 1.0 1.0 1.0 1.0 1.0 1.0 1.0 1.0 1.0 1.0 1.0 1.0 1.0 1.0 1.0 1.0 1.0 1.0 1.0 1.0 1.0 1.0 1.0 1.0 1.0 1.0 1.0 1.0 1.0 1.0 1.0 1.0 1.0 1.0 1.0 1.0 1.0 1.0 1.0 1.0 1.0 1.0 1.0 1.0 1.0 1.0 1.0 1.0 
1.0 1.0 1.0 0.9960784316062927 0.9960784316062927 0.9921568632125854 0.9960784316062927 1.0 1.0 1.0 0.9960784316062927 0.9921568632125854 0.9960784316062927 0.9960784316062927 1.0 1.0 1.0 1.0 1.0 1.0 1.0 1.0 1.0 1.0 1.0 1.0 1.0 1.0 1.0 1.0 1.0 1.0 1.0 1.0 1.0 1.0 1.0 1.0 1.0 1.0 1.0 1.0 1.0 1.0 1.0 1.0 1.0 1.0 1.0 1.0 1.0 1.0 1.0 1.0 1.0 1.0 1.0 1.0 1.0 1.0 1.0 1.0 1.0 1.0 1.0 1.0 1.0 1.0 1.0 1.0 1.0 1.0 1.0 1.0 1.0 1.0 1.0 1.0 1.0 1.0 1.0 1.0 1.0 1.0 1.0 1.0 1.0 1.0 1.0 1.0 1.0 1.0 1.0 1.0 1.0 1.0 1.0 1.0 1.0 1.0 1.0 
1.0 1.0 1.0 0.9960784316062927 0.9960784316062927 0.9921568632125854 0.9960784316062927 1.0 1.0 1.0 0.9960784316062927 0.9921568632125854 0.9960784316062927 0.9960784316062927 1.0 1.0 1.0 1.0 1.0 1.0 1.0 1.0 1.0 1.0 1.0 1.0 1.0 1.0 1.0 1.0 1.0 1.0 1.0 1.0 1.0 1.0 1.0 1.0 1.0 1.0 1.0 1.0 1.0 1.0 1.0 1.0 1.0 1.0 1.0 1.0 1.0 1.0 1.0 1.0 1.0 1.0 1.0 1.0 1.0 1.0 1.0 1.0 0.9960784316062927 1.0 1.0 1.0 1.0 1.0 1.0 1.0 1.0 1.0 1.0 1.0 1.0 1.0 1.0 1.0 1.0 1.0 1.0 1.0 1.0 1.0 1.0 1.0 1.0 1.0 1.0 1.0 1.0 1.0 1.0 1.0 1.0 1.0 1.0 1.0 1.0 1.0 1.0 
1.0 1.0 1.0 0.9960784316062927 0.9960784316062927 0.9921568632125854 0.9960784316062927 1.0 1.0 1.0 0.9960784316062927 0.9960784316062927 0.9960784316062927 1.0 1.0 1.0 1.0 1.0 1.0 1.0 1.0 1.0 1.0 1.0 1.0 1.0 1.0 1.0 1.0 1.0 1.0 1.0 1.0 1.0 1.0 1.0 1.0 1.0 1.0 1.0 1.0 1.0 1.0 1.0 1.0 1.0 1.0 1.0 1.0 1.0 1.0 1.0 1.0 1.0 1.0 1.0 1.0 1.0 1.0 1.0 1.0 0.9960784316062927 0.9960784316062927 1.0 1.0 1.0 1.0 1.0 1.0 1.0 1.0 1.0 1.0 1.0 1.0 1.0 1.0 1.0 1.0 1.0 1.0 1.0 1.0 1.0 1.0 1.0 1.0 1.0 1.0 1.0 1.0 1.0 1.0 1.0 1.0 1.0 1.0 1.0 1.0 1.0 1.0 
1.0 1.0 1.0 0.9960784316062927 0.9960784316062927 0.9960784316062927 1.0 1.0 1.0 1.0 0.9921568632125854 0.9960784316062927 0.9960784316062927 1.0 1.0 1.0 1.0 1.0 1.0 1.0 1.0 1.0 1.0 1.0 1.0 1.0 1.0 1.0 1.0 1.0 1.0 1.0 1.0 1.0 1.0 1.0 1.0 1.0 1.0 1.0 1.0 1.0 1.0 1.0 1.0 1.0 1.0 1.0 1.0 1.0 1.0 1.0 1.0 1.0 1.0 1.0 1.0 1.0 1.0 1.0 1.0 0.9960784316062927 0.9960784316062927 1.0 1.0 1.0 1.0 1.0 1.0 1.0 1.0 1.0 1.0 1.0 1.0 1.0 1.0 1.0 1.0 1.0 1.0 1.0 1.0 1.0 1.0 1.0 1.0 1.0 1.0 1.0 1.0 1.0 1.0 1.0 1.0 1.0 1.0 1.0 1.0 1.0 1.0 
1.0 1.0 1.0 0.9960784316062927 0.9960784316062927 0.9960784316062927 1.0 1.0 1.0 0.9960784316062927 0.9960784316062927 0.9960784316062927 1.0 1.0 1.0 1.0 1.0 1.0 1.0 1.0 1.0 1.0 1.0 1.0 1.0 1.0 1.0 1.0 1.0 1.0 1.0 1.0 1.0 1.0 1.0 1.0 1.0 1.0 1.0 1.0 1.0 1.0 1.0 1.0 1.0 1.0 1.0 1.0 1.0 1.0 1.0 1.0 1.0 1.0 1.0 1.0 1.0 1.0 1.0 1.0 0.9960784316062927 0.9960784316062927 0.9960784316062927 1.0 1.0 1.0 1.0 1.0 1.0 1.0 1.0 1.0 1.0 1.0 1.0 1.0 1.0 1.0 1.0 1.0 1.0 1.0 1.0 1.0 1.0 1.0 1.0 1.0 1.0 1.0 1.0 1.0 1.0 1.0 1.0 1.0 1.0 1.0 1.0 1.0 1.0 
1.0 1.0 1.0 0.9960784316062927 0.9921568632125854 0.9960784316062927 1.0 1.0 1.0 0.9960784316062927 0.9960784316062927 0.9960784316062927 1.0 1.0 1.0 1.0 1.0 1.0 1.0 1.0 1.0 1.0 1.0 1.0 1.0 1.0 1.0 1.0 1.0 1.0 1.0 1.0 1.0 1.0 1.0 1.0 1.0 1.0 1.0 1.0 1.0 1.0 1.0 1.0 1.0 1.0 1.0 1.0 1.0 1.0 1.0 1.0 1.0 1.0 1.0 1.0 1.0 1.0 1.0 0.9960784316062927 0.9960784316062927 0.9960784316062927 1.0 1.0 1.0 1.0 1.0 1.0 1.0 1.0 1.0 1.0 1.0 1.0 1.0 1.0 1.0 1.0 1.0 1.0 1.0 1.0 1.0 1.0 1.0 1.0 1.0 1.0 1.0 1.0 1.0 1.0 1.0 1.0 1.0 1.0 1.0 1.0 1.0 1.0 1.0 
1.0 1.0 1.0 0.9960784316062927 0.9921568632125854 1.0 1.0 1.0 1.0 0.9960784316062927 0.9960784316062927 1.0 1.0 1.0 1.0 1.0 1.0 1.0 1.0 1.0 1.0 1.0 1.0 1.0 1.0 1.0 1.0 1.0 1.0 1.0 1.0 1.0 1.0 1.0 1.0 1.0 1.0 1.0 1.0 1.0 1.0 1.0 1.0 1.0 1.0 1.0 1.0 1.0 1.0 1.0 1.0 1.0 1.0 1.0 1.0 1.0 1.0 1.0 0.9960784316062927 0.9960784316062927 0.9921568632125854 0.9960784316062927 1.0 1.0 1.0 1.0 1.0 1.0 1.0 1.0 1.0 1.0 1.0 1.0 1.0 1.0 1.0 1.0 1.0 1.0 1.0 1.0 1.0 1.0 1.0 1.0 1.0 1.0 1.0 1.0 1.0 1.0 1.0 1.0 1.0 1.0 1.0 1.0 1.0 1.0 1.0 
1.0 1.0 1.0 0.9960784316062927 0.9960784316062927 1.0 1.0 1.0 1.0 0.9960784316062927 0.9960784316062927 1.0 1.0 1.0 1.0 1.0 1.0 1.0 1.0 1.0 1.0 1.0 1.0 1.0 1.0 1.0 1.0 1.0 1.0 1.0 1.0 1.0 1.0 1.0 1.0 1.0 1.0 1.0 1.0 1.0 1.0 1.0 1.0 1.0 1.0 1.0 1.0 1.0 1.0 1.0 1.0 1.0 1.0 1.0 1.0 1.0 1.0 0.9960784316062927 0.9960784316062927 0.9921568632125854 1.0 1.0 1.0 1.0 1.0 1.0 1.0 1.0 1.0 1.0 1.0 1.0 1.0 1.0 1.0 1.0 1.0 1.0 1.0 1.0 1.0 1.0 1.0 1.0 1.0 1.0 1.0 1.0 1.0 1.0 1.0 1.0 1.0 1.0 1.0 1.0 1.0 1.0 1.0 1.0 1.0 
1.0 1.0 1.0 0.9960784316062927 1.0 1.0 1.0 1.0 0.9960784316062927 0.9960784316062927 1.0 1.0 1.0 1.0 1.0 1.0 1.0 1.0 1.0 1.0 1.0 1.0 1.0 1.0 1.0 1.0 1.0 1.0 1.0 1.0 1.0 1.0 1.0 1.0 1.0 1.0 1.0 1.0 1.0 1.0 1.0 1.0 1.0 1.0 1.0 1.0 1.0 1.0 1.0 1.0 1.0 1.0 1.0 1.0 1.0 1.0 1.0 0.9960784316062927 0.9960784316062927 0.9960784316062927 1.0 1.0 1.0 1.0 1.0 1.0 1.0 1.0 1.0 1.0 1.0 1.0 1.0 1.0 1.0 1.0 1.0 1.0 1.0 1.0 1.0 1.0 1.0 1.0 1.0 1.0 1.0 1.0 1.0 1.0 1.0 1.0 1.0 1.0 1.0 1.0 1.0 1.0 1.0 1.0 1.0 
1.0 1.0 0.9960784316062927 0.9960784316062927 0.9960784316062927 1.0 1.0 1.0 0.9960784316062927 0.9960784316062927 1.0 1.0 1.0 1.0 1.0 1.0 1.0 1.0 1.0 1.0 1.0 1.0 1.0 1.0 1.0 1.0 1.0 1.0 1.0 1.0 1.0 1.0 1.0 1.0 1.0 1.0 1.0 1.0 1.0 1.0 1.0 1.0 1.0 1.0 1.0 1.0 1.0 1.0 1.0 1.0 1.0 1.0 1.0 1.0 1.0 1.0 0.9960784316062927 0.9960784316062927 0.9960784316062927 1.0 1.0 1.0 1.0 1.0 1.0 1.0 1.0 1.0 1.0 1.0 1.0 1.0 1.0 1.0 1.0 1.0 1.0 1.0 1.0 1.0 1.0 1.0 1.0 1.0 1.0 1.0 1.0 1.0 1.0 1.0 1.0 1.0 1.0 1.0 1.0 1.0 1.0 1.0 1.0 1.0 1.0 
1.0 1.0 0.9960784316062927 0.9960784316062927 1.0 1.0 1.0 1.0 0.9960784316062927 1.0 1.0 1.0 1.0 1.0 1.0 1.0 1.0 1.0 1.0 1.0 1.0 1.0 1.0 1.0 1.0 1.0 1.0 1.0 1.0 1.0 1.0 1.0 1.0 1.0 1.0 1.0 1.0 1.0 1.0 1.0 1.0 1.0 1.0 1.0 1.0 1.0 1.0 1.0 1.0 1.0 1.0 1.0 1.0 1.0 1.0 0.9960784316062927 0.9960784316062927 0.9960784316062927 1.0 1.0 1.0 1.0 1.0 1.0 1.0 1.0 1.0 1.0 1.0 1.0 1.0 1.0 1.0 1.0 1.0 1.0 1.0 1.0 1.0 1.0 1.0 1.0 1.0 1.0 1.0 1.0 1.0 1.0 1.0 1.0 1.0 1.0 1.0 1.0 1.0 1.0 1.0 1.0 1.0 1.0 1.0 
1.0 1.0 0.9960784316062927 1.0 1.0 1.0 1.0 1.0 1.0 1.0 1.0 1.0 1.0 1.0 1.0 1.0 1.0 1.0 1.0 1.0 1.0 1.0 1.0 1.0 1.0 1.0 1.0 1.0 1.0 1.0 1.0 1.0 1.0 1.0 1.0 1.0 1.0 1.0 1.0 1.0 1.0 1.0 1.0 1.0 1.0 1.0 1.0 1.0 1.0 1.0 1.0 1.0 1.0 1.0 0.9960784316062927 0.9960784316062927 0.9960784316062927 1.0 1.0 1.0 1.0 1.0 1.0 1.0 1.0 1.0 1.0 1.0 1.0 1.0 1.0 1.0 1.0 1.0 1.0 1.0 1.0 1.0 1.0 1.0 1.0 1.0 1.0 1.0 1.0 1.0 1.0 1.0 1.0 1.0 1.0 1.0 1.0 1.0 1.0 1.0 1.0 1.0 1.0 1.0 1.0 
1.0 1.0 1.0 1.0 1.0 1.0 1.0 1.0 1.0 1.0 1.0 1.0 1.0 1.0 1.0 1.0 1.0 1.0 1.0 1.0 1.0 1.0 1.0 1.0 1.0 1.0 1.0 1.0 1.0 1.0 1.0 1.0 1.0 1.0 1.0 1.0 1.0 1.0 1.0 1.0 1.0 1.0 1.0 1.0 1.0 1.0 1.0 1.0 1.0 1.0 1.0 1.0 1.0 0.9960784316062927 0.9960784316062927 0.9960784316062927 0.9960784316062927 1.0 1.0 1.0 1.0 1.0 1.0 1.0 1.0 1.0 1.0 1.0 1.0 1.0 1.0 1.0 1.0 1.0 1.0 1.0 1.0 1.0 1.0 1.0 1.0 1.0 1.0 1.0 1.0 1.0 1.0 1.0 1.0 1.0 1.0 1.0 1.0 1.0 1.0 1.0 1.0 1.0 1.0 1.0 1.0 
1.0 1.0 1.0 1.0 1.0 1.0 1.0 1.0 1.0 1.0 1.0 1.0 1.0 1.0 1.0 1.0 1.0 1.0 1.0 1.0 1.0 1.0 1.0 1.0 1.0 1.0 1.0 1.0 1.0 1.0 1.0 1.0 1.0 1.0 1.0 1.0 1.0 1.0 1.0 1.0 1.0 1.0 1.0 1.0 1.0 1.0 1.0 1.0 1.0 1.0 1.0 1.0 1.0 0.9960784316062927 0.9960784316062927 0.9960784316062927 1.0 1.0 1.0 1.0 1.0 1.0 1.0 1.0 1.0 1.0 1.0 1.0 1.0 1.0 1.0 1.0 1.0 1.0 1.0 1.0 1.0 1.0 1.0 1.0 1.0 1.0 1.0 1.0 1.0 1.0 1.0 1.0 1.0 1.0 1.0 1.0 1.0 1.0 1.0 1.0 1.0 1.0 1.0 1.0 1.0 
1.0 1.0 1.0 1.0 1.0 1.0 1.0 1.0 1.0 1.0 1.0 1.0 1.0 1.0 1.0 1.0 1.0 1.0 1.0 1.0 1.0 1.0 1.0 1.0 1.0 1.0 1.0 1.0 1.0 1.0 1.0 1.0 1.0 1.0 1.0 1.0 1.0 1.0 1.0 1.0 1.0 1.0 1.0 1.0 1.0 1.0 1.0 1.0 1.0 1.0 1.0 1.0 0.9960784316062927 0.9960784316062927 0.9960784316062927 1.0 1.0 1.0 1.0 1.0 1.0 1.0 1.0 1.0 1.0 1.0 1.0 1.0 1.0 1.0 1.0 1.0 1.0 1.0 1.0 1.0 1.0 1.0 1.0 1.0 1.0 1.0 1.0 1.0 1.0 1.0 1.0 1.0 1.0 1.0 1.0 1.0 1.0 1.0 1.0 1.0 1.0 1.0 1.0 1.0 1.0 
1.0 1.0 1.0 1.0 1.0 1.0 1.0 1.0 1.0 1.0 1.0 1.0 1.0 1.0 1.0 1.0 1.0 1.0 1.0 1.0 1.0 1.0 1.0 1.0 1.0 1.0 1.0 1.0 1.0 1.0 1.0 1.0 1.0 1.0 1.0 1.0 1.0 1.0 1.0 1.0 1.0 1.0 1.0 1.0 1.0 1.0 1.0 1.0 1.0 1.0 1.0 1.0 0.9960784316062927 0.9960784316062927 1.0 1.0 1.0 1.0 1.0 1.0 1.0 1.0 1.0 1.0 1.0 1.0 1.0 1.0 1.0 1.0 1.0 1.0 1.0 1.0 1.0 1.0 1.0 1.0 1.0 1.0 1.0 1.0 1.0 1.0 1.0 1.0 1.0 1.0 1.0 1.0 1.0 1.0 1.0 1.0 1.0 1.0 1.0 1.0 1.0 1.0 1.0 
1.0 1.0 1.0 1.0 1.0 1.0 1.0 1.0 1.0 1.0 1.0 1.0 1.0 1.0 1.0 1.0 1.0 1.0 1.0 1.0 1.0 1.0 1.0 1.0 1.0 1.0 1.0 1.0 1.0 1.0 1.0 1.0 1.0 1.0 1.0 1.0 1.0 1.0 1.0 1.0 1.0 1.0 1.0 1.0 1.0 1.0 1.0 1.0 1.0 1.0 1.0 1.0 0.9960784316062927 1.0 1.0 1.0 1.0 1.0 1.0 1.0 1.0 1.0 1.0 1.0 1.0 1.0 1.0 1.0 1.0 1.0 1.0 1.0 1.0 1.0 1.0 1.0 1.0 1.0 1.0 1.0 1.0 1.0 1.0 1.0 1.0 1.0 1.0 1.0 1.0 1.0 1.0 1.0 1.0 1.0 1.0 1.0 1.0 1.0 1.0 1.0 1.0 
1.0 1.0 1.0 1.0 1.0 1.0 1.0 1.0 1.0 1.0 1.0 1.0 1.0 1.0 1.0 1.0 1.0 1.0 1.0 1.0 1.0 1.0 1.0 1.0 1.0 1.0 1.0 1.0 1.0 1.0 1.0 1.0 1.0 1.0 1.0 1.0 1.0 1.0 1.0 1.0 1.0 1.0 1.0 1.0 0.7607843279838562 0.3294118046760559 0.11764711141586304 0.027451038360595703 0.12156867980957031 0.32156866788864136 0.7333333492279053 0.9960784316062927 1.0 1.0 1.0 1.0 1.0 1.0 1.0 1.0 1.0 1.0 1.0 1.0 1.0 1.0 1.0 1.0 1.0 1.0 1.0 1.0 1.0 1.0 1.0 1.0 1.0 1.0 1.0 1.0 1.0 1.0 1.0 1.0 1.0 1.0 1.0 1.0 1.0 1.0 1.0 1.0 1.0 1.0 1.0 1.0 1.0 1.0 1.0 1.0 1.0 
1.0 1.0 1.0 1.0 1.0 1.0 1.0 1.0 1.0 1.0 1.0 1.0 1.0 1.0 1.0 1.0 1.0 1.0 1.0 1.0 1.0 1.0 1.0 1.0 1.0 1.0 1.0 1.0 1.0 1.0 1.0 1.0 1.0 1.0 1.0 1.0 1.0 1.0 1.0 1.0 1.0 1.0 1.0 0.5529412031173706 5.9604644775390625E-8 5.9604644775390625E-8 5.9604644775390625E-8 5.9604644775390625E-8 5.9604644775390625E-8 5.9604644775390625E-8 5.9604644775390625E-8 0.48235297203063965 1.0 1.0 1.0 1.0 1.0 1.0 1.0 1.0 1.0 1.0 1.0 1.0 1.0 1.0 1.0 1.0 1.0 1.0 1.0 1.0 1.0 1.0 1.0 1.0 1.0 1.0 1.0 1.0 1.0 1.0 1.0 1.0 1.0 1.0 1.0 1.0 1.0 1.0 1.0 1.0 1.0 1.0 1.0 1.0 1.0 1.0 1.0 1.0 1.0 
1.0 1.0 1.0 1.0 1.0 1.0 1.0 1.0 1.0 1.0 1.0 1.0 1.0 1.0 1.0 1.0 1.0 1.0 1.0 1.0 1.0 1.0 1.0 1.0 1.0 1.0 1.0 1.0 1.0 1.0 1.0 1.0 1.0 1.0 1.0 1.0 1.0 1.0 1.0 1.0 1.0 1.0 0.7450980544090271 5.9604644775390625E-8 5.9604644775390625E-8 5.9604644775390625E-8 5.9604644775390625E-8 5.9604644775390625E-8 5.9604644775390625E-8 5.9604644775390625E-8 5.9604644775390625E-8 5.9604644775390625E-8 0.6509804129600525 1.0 1.0 1.0 1.0 1.0 1.0 1.0 1.0 1.0 1.0 1.0 1.0 1.0 1.0 1.0 1.0 1.0 1.0 1.0 1.0 1.0 1.0 1.0 1.0 1.0 1.0 1.0 1.0 1.0 1.0 1.0 1.0 1.0 1.0 1.0 1.0 1.0 1.0 1.0 1.0 1.0 1.0 1.0 1.0 1.0 1.0 1.0 1.0 
1.0 1.0 1.0 1.0 1.0 1.0 1.0 1.0 1.0 1.0 1.0 1.0 1.0 1.0 1.0 1.0 1.0 1.0 1.0 1.0 1.0 1.0 1.0 1.0 1.0 1.0 1.0 1.0 1.0 1.0 1.0 1.0 1.0 1.0 1.0 1.0 1.0 1.0 1.0 1.0 1.0 1.0 0.2039216160774231 5.9604644775390625E-8 5.9604644775390625E-8 5.9604644775390625E-8 5.9604644775390625E-8 5.9604644775390625E-8 5.9604644775390625E-8 5.9604644775390625E-8 5.9604644775390625E-8 5.9604644775390625E-8 0.12156867980957031 0.9764705896377563 1.0 1.0 1.0 1.0 1.0 1.0 1.0 1.0 1.0 1.0 1.0 1.0 1.0 1.0 1.0 1.0 1.0 1.0 1.0 1.0 1.0 1.0 1.0 1.0 1.0 1.0 1.0 1.0 1.0 1.0 1.0 1.0 1.0 1.0 1.0 1.0 1.0 1.0 1.0 1.0 1.0 1.0 1.0 1.0 1.0 1.0 1.0 
1.0 1.0 1.0 1.0 1.0 1.0 1.0 1.0 1.0 1.0 1.0 1.0 1.0 1.0 1.0 1.0 1.0 1.0 1.0 1.0 1.0 1.0 1.0 1.0 1.0 1.0 1.0 1.0 1.0 1.0 1.0 1.0 1.0 1.0 1.0 1.0 1.0 1.0 1.0 1.0 1.0 0.7764706015586853 5.9604644775390625E-8 5.9604644775390625E-8 5.9604644775390625E-8 5.9604644775390625E-8 5.9604644775390625E-8 5.9604644775390625E-8 5.9604644775390625E-8 5.9604644775390625E-8 5.9604644775390625E-8 5.9604644775390625E-8 5.9604644775390625E-8 0.6705882549285889 1.0 1.0 1.0 1.0 1.0 1.0 1.0 1.0 1.0 1.0 1.0 1.0 1.0 1.0 1.0 1.0 1.0 1.0 1.0 1.0 1.0 1.0 1.0 1.0 1.0 1.0 1.0 1.0 1.0 1.0 1.0 1.0 1.0 1.0 1.0 1.0 1.0 1.0 1.0 1.0 1.0 1.0 1.0 1.0 1.0 1.0 1.0 
1.0 1.0 1.0 1.0 1.0 1.0 1.0 1.0 1.0 1.0 1.0 1.0 1.0 1.0 1.0 1.0 1.0 1.0 1.0 1.0 1.0 1.0 1.0 1.0 1.0 1.0 1.0 1.0 1.0 1.0 1.0 1.0 1.0 1.0 1.0 1.0 1.0 1.0 1.0 1.0 1.0 0.38431376218795776 5.9604644775390625E-8 5.9604644775390625E-8 5.9604644775390625E-8 5.9604644775390625E-8 5.9604644775390625E-8 5.9604644775390625E-8 5.9604644775390625E-8 5.9604644775390625E-8 5.9604644775390625E-8 5.9604644775390625E-8 5.9604644775390625E-8 0.27843141555786133 1.0 1.0 1.0 1.0 1.0 1.0 1.0 1.0 1.0 1.0 1.0 1.0 1.0 1.0 1.0 1.0 1.0 1.0 1.0 1.0 1.0 1.0 1.0 1.0 1.0 1.0 1.0 1.0 1.0 1.0 1.0 1.0 1.0 1.0 1.0 1.0 1.0 1.0 1.0 1.0 1.0 1.0 1.0 1.0 1.0 1.0 1.0 
1.0 1.0 1.0 1.0 1.0 1.0 1.0 1.0 1.0 1.0 1.0 1.0 1.0 1.0 1.0 1.0 1.0 1.0 1.0 1.0 1.0 1.0 1.0 1.0 1.0 1.0 1.0 1.0 1.0 1.0 1.0 1.0 1.0 1.0 1.0 1.0 1.0 1.0 1.0 1.0 0.9490196108818054 0.043137311935424805 5.9604644775390625E-8 5.9604644775390625E-8 5.9604644775390625E-8 5.9604644775390625E-8 5.9604644775390625E-8 5.9604644775390625E-8 5.9604644775390625E-8 5.9604644775390625E-8 5.9604644775390625E-8 5.9604644775390625E-8 5.9604644775390625E-8 0.007843196392059326 0.8823529481887817 1.0 1.0 1.0 1.0 1.0 1.0 1.0 1.0 1.0 1.0 1.0 1.0 1.0 1.0 1.0 1.0 1.0 1.0 1.0 1.0 1.0 1.0 1.0 1.0 1.0 1.0 1.0 1.0 1.0 1.0 1.0 1.0 1.0 1.0 1.0 1.0 1.0 1.0 1.0 1.0 1.0 1.0 1.0 1.0 1.0 1.0 
1.0 1.0 1.0 1.0 1.0 1.0 1.0 1.0 1.0 1.0 1.0 1.0 1.0 1.0 1.0 1.0 1.0 1.0 1.0 1.0 1.0 1.0 1.0 1.0 1.0 1.0 1.0 1.0 1.0 1.0 1.0 1.0 1.0 1.0 1.0 1.0 1.0 1.0 1.0 1.0 0.6000000238418579 5.9604644775390625E-8 5.9604644775390625E-8 5.9604644775390625E-8 5.9604644775390625E-8 5.9604644775390625E-8 5.9604644775390625E-8 0.3647059202194214 5.9604644775390625E-8 5.9604644775390625E-8 5.9604644775390625E-8 5.9604644775390625E-8 5.9604644775390625E-8 5.9604644775390625E-8 0.49803924560546875 1.0 1.0 1.0 1.0 1.0 1.0 1.0 1.0 1.0 1.0 1.0 1.0 1.0 1.0 1.0 1.0 1.0 1.0 1.0 1.0 1.0 1.0 1.0 1.0 1.0 1.0 1.0 1.0 1.0 1.0 1.0 1.0 1.0 1.0 1.0 1.0 1.0 1.0 1.0 1.0 1.0 1.0 1.0 1.0 1.0 1.0 
1.0 1.0 1.0 1.0 1.0 1.0 1.0 1.0 1.0 1.0 1.0 1.0 1.0 1.0 1.0 1.0 1.0 1.0 1.0 1.0 1.0 1.0 1.0 1.0 1.0 1.0 1.0 1.0 1.0 1.0 1.0 1.0 1.0 1.0 1.0 1.0 1.0 1.0 1.0 1.0 0.20784318447113037 5.9604644775390625E-8 5.9604644775390625E-8 5.9604644775390625E-8 5.9604644775390625E-8 5.9604644775390625E-8 5.9604644775390625E-8 0.8941176533699036 0.08627456426620483 5.9604644775390625E-8 5.9604644775390625E-8 5.9604644775390625E-8 5.9604644775390625E-8 5.9604644775390625E-8 0.11764711141586304 0.9921568632125854 1.0 1.0 1.0 1.0 1.0 1.0 1.0 1.0 1.0 1.0 1.0 1.0 1.0 1.0 1.0 1.0 1.0 1.0 1.0 1.0 1.0 1.0 1.0 1.0 1.0 1.0 1.0 1.0 1.0 1.0 1.0 1.0 1.0 1.0 1.0 1.0 1.0 1.0 1.0 1.0 1.0 1.0 1.0 1.0 1.0 
1.0 1.0 1.0 1.0 1.0 1.0 1.0 1.0 1.0 1.0 1.0 1.0 1.0 1.0 1.0 1.0 1.0 1.0 1.0 1.0 1.0 1.0 1.0 1.0 1.0 1.0 1.0 1.0 1.0 1.0 1.0 1.0 1.0 1.0 1.0 1.0 1.0 1.0 1.0 0.8235294222831726 5.9604644775390625E-8 5.9604644775390625E-8 5.9604644775390625E-8 5.9604644775390625E-8 5.9604644775390625E-8 5.9604644775390625E-8 0.19607847929000854 1.0 0.40392160415649414 5.9604644775390625E-8 5.9604644775390625E-8 5.9604644775390625E-8 5.9604644775390625E-8 5.9604644775390625E-8 5.9604644775390625E-8 0.7215686440467834 1.0 1.0 1.0 1.0 1.0 1.0 1.0 1.0 1.0 1.0 1.0 1.0 1.0 1.0 1.0 1.0 1.0 1.0 1.0 1.0 1.0 1.0 1.0 1.0 1.0 1.0 1.0 1.0 1.0 1.0 1.0 1.0 1.0 1.0 1.0 1.0 1.0 1.0 1.0 1.0 1.0 1.0 1.0 1.0 1.0 
1.0 1.0 1.0 1.0 1.0 1.0 1.0 1.0 1.0 1.0 1.0 1.0 1.0 1.0 1.0 1.0 1.0 1.0 1.0 1.0 1.0 1.0 1.0 1.0 1.0 1.0 1.0 1.0 1.0 1.0 1.0 1.0 1.0 1.0 1.0 1.0 1.0 1.0 1.0 0.4235294461250305 5.9604644775390625E-8 5.9604644775390625E-8 5.9604644775390625E-8 5.9604644775390625E-8 5.9604644775390625E-8 5.9604644775390625E-8 0.4901961088180542 1.0 0.729411780834198 5.9604644775390625E-8 5.9604644775390625E-8 5.9604644775390625E-8 5.9604644775390625E-8 5.9604644775390625E-8 5.9604644775390625E-8 0.3294118046760559 1.0 1.0 1.0 1.0 1.0 1.0 1.0 1.0 1.0 1.0 1.0 1.0 1.0 1.0 1.0 1.0 1.0 1.0 1.0 1.0 1.0 1.0 1.0 1.0 1.0 1.0 1.0 1.0 1.0 1.0 1.0 1.0 1.0 1.0 1.0 1.0 1.0 1.0 1.0 1.0 1.0 1.0 1.0 1.0 1.0 
1.0 1.0 1.0 1.0 1.0 1.0 1.0 1.0 1.0 1.0 1.0 1.0 1.0 1.0 1.0 1.0 1.0 1.0 1.0 1.0 1.0 1.0 1.0 1.0 1.0 1.0 1.0 1.0 1.0 1.0 1.0 1.0 1.0 1.0 1.0 1.0 1.0 1.0 0.9686274528503418 0.06274515390396118 5.9604644775390625E-8 5.9604644775390625E-8 5.9604644775390625E-8 5.9604644775390625E-8 5.9604644775390625E-8 5.9604644775390625E-8 0.8274509906768799 1.0 0.9882352948188782 0.07058829069137573 5.9604644775390625E-8 5.9604644775390625E-8 5.9604644775390625E-8 5.9604644775390625E-8 5.9604644775390625E-8 0.019607901573181152 0.9176470637321472 1.0 1.0 1.0 1.0 1.0 1.0 1.0 1.0 1.0 1.0 1.0 1.0 1.0 1.0 1.0 1.0 1.0 1.0 1.0 1.0 1.0 1.0 1.0 1.0 1.0 1.0 1.0 1.0 1.0 1.0 1.0 1.0 1.0 1.0 1.0 1.0 1.0 1.0 1.0 1.0 1.0 1.0 1.0 1.0 
1.0 1.0 1.0 1.0 1.0 1.0 1.0 1.0 1.0 1.0 1.0 1.0 1.0 1.0 1.0 1.0 1.0 1.0 1.0 1.0 1.0 1.0 1.0 1.0 1.0 1.0 1.0 1.0 1.0 1.0 1.0 1.0 1.0 1.0 1.0 1.0 1.0 1.0 0.6431372761726379 5.9604644775390625E-8 5.9604644775390625E-8 5.9604644775390625E-8 5.9604644775390625E-8 5.9604644775390625E-8 5.9604644775390625E-8 0.18431377410888672 1.0 1.0 1.0 0.3764706254005432 5.9604644775390625E-8 5.9604644775390625E-8 5.9604644775390625E-8 5.9604644775390625E-8 5.9604644775390625E-8 5.9604644775390625E-8 0.5490196347236633 1.0 1.0 1.0 1.0 1.0 1.0 1.0 1.0 1.0 1.0 1.0 1.0 1.0 1.0 1.0 1.0 1.0 1.0 1.0 1.0 1.0 1.0 1.0 1.0 1.0 1.0 1.0 1.0 1.0 1.0 1.0 1.0 1.0 1.0 1.0 1.0 1.0 1.0 1.0 1.0 1.0 1.0 1.0 1.0 
1.0 1.0 1.0 1.0 1.0 1.0 1.0 1.0 1.0 1.0 1.0 1.0 1.0 1.0 1.0 1.0 1.0 1.0 1.0 1.0 1.0 1.0 1.0 1.0 1.0 1.0 1.0 1.0 1.0 1.0 1.0 1.0 1.0 1.0 1.0 1.0 1.0 1.0 0.2509804368019104 5.9604644775390625E-8 5.9604644775390625E-8 5.9604644775390625E-8 5.9604644775390625E-8 5.9604644775390625E-8 5.9604644775390625E-8 0.545098066329956 1.0 1.0 1.0 0.7058823704719543 5.9604644775390625E-8 5.9604644775390625E-8 5.9604644775390625E-8 5.9604644775390625E-8 5.9604644775390625E-8 5.9604644775390625E-8 0.1568627953529358 1.0 1.0 1.0 1.0 1.0 1.0 1.0 1.0 1.0 1.0 1.0 1.0 1.0 1.0 1.0 1.0 1.0 1.0 1.0 1.0 1.0 1.0 1.0 1.0 1.0 1.0 1.0 1.0 1.0 1.0 1.0 1.0 1.0 1.0 1.0 1.0 1.0 1.0 1.0 1.0 1.0 1.0 1.0 1.0 
1.0 1.0 1.0 1.0 1.0 1.0 1.0 1.0 1.0 1.0 1.0 1.0 1.0 1.0 1.0 1.0 1.0 1.0 1.0 1.0 1.0 1.0 1.0 1.0 1.0 1.0 1.0 1.0 1.0 1.0 1.0 1.0 1.0 1.0 1.0 1.0 1.0 0.8549019694328308 5.9604644775390625E-8 5.9604644775390625E-8 5.9604644775390625E-8 5.9604644775390625E-8 5.9604644775390625E-8 5.9604644775390625E-8 0.011764764785766602 0.8941176533699036 1.0 1.0 1.0 0.9764705896377563 0.06666672229766846 5.9604644775390625E-8 5.9604644775390625E-8 5.9604644775390625E-8 5.9604644775390625E-8 5.9604644775390625E-8 5.9604644775390625E-8 0.7686274647712708 1.0 1.0 1.0 1.0 1.0 1.0 1.0 1.0 1.0 1.0 1.0 1.0 1.0 1.0 1.0 1.0 1.0 1.0 1.0 1.0 1.0 1.0 1.0 1.0 1.0 1.0 1.0 1.0 1.0 1.0 1.0 1.0 1.0 1.0 1.0 1.0 1.0 1.0 1.0 1.0 1.0 1.0 1.0 
1.0 1.0 1.0 1.0 1.0 1.0 1.0 1.0 1.0 1.0 1.0 1.0 1.0 1.0 1.0 1.0 1.0 1.0 1.0 1.0 1.0 1.0 1.0 1.0 1.0 1.0 1.0 1.0 1.0 1.0 1.0 1.0 1.0 1.0 1.0 1.0 1.0 0.46666669845581055 5.9604644775390625E-8 5.9604644775390625E-8 5.9604644775390625E-8 5.9604644775390625E-8 5.9604644775390625E-8 5.9604644775390625E-8 0.29411768913269043 1.0 1.0 1.0 1.0 1.0 0.41960787773132324 5.9604644775390625E-8 5.9604644775390625E-8 5.9604644775390625E-8 5.9604644775390625E-8 5.9604644775390625E-8 5.9604644775390625E-8 0.3764706254005432 1.0 1.0 1.0 1.0 1.0 1.0 1.0 1.0 1.0 1.0 1.0 1.0 1.0 1.0 1.0 1.0 1.0 1.0 1.0 1.0 1.0 1.0 1.0 1.0 1.0 1.0 1.0 1.0 1.0 1.0 1.0 1.0 1.0 1.0 1.0 1.0 1.0 1.0 1.0 1.0 1.0 1.0 1.0 
1.0 1.0 1.0 1.0 1.0 1.0 1.0 1.0 1.0 1.0 1.0 1.0 1.0 1.0 1.0 1.0 1.0 1.0 1.0 1.0 1.0 1.0 1.0 1.0 1.0 1.0 1.0 1.0 1.0 1.0 1.0 1.0 1.0 1.0 1.0 1.0 0.9882352948188782 0.09019613265991211 5.9604644775390625E-8 5.9604644775390625E-8 5.9604644775390625E-8 5.9604644775390625E-8 5.9604644775390625E-8 5.9604644775390625E-8 0.686274528503418 1.0 1.0 1.0 1.0 1.0 0.8039215803146362 5.9604644775390625E-8 5.9604644775390625E-8 5.9604644775390625E-8 5.9604644775390625E-8 5.9604644775390625E-8 5.9604644775390625E-8 0.03921574354171753 0.9490196108818054 1.0 1.0 1.0 1.0 1.0 1.0 1.0 1.0 1.0 1.0 1.0 1.0 1.0 1.0 1.0 1.0 1.0 1.0 1.0 1.0 1.0 1.0 1.0 1.0 1.0 1.0 1.0 1.0 1.0 1.0 1.0 1.0 1.0 1.0 1.0 1.0 1.0 1.0 1.0 1.0 1.0 1.0 
1.0 1.0 1.0 1.0 1.0 1.0 1.0 1.0 1.0 1.0 1.0 1.0 1.0 1.0 1.0 1.0 1.0 1.0 1.0 1.0 1.0 1.0 1.0 1.0 1.0 1.0 1.0 1.0 1.0 1.0 1.0 1.0 1.0 1.0 1.0 1.0 0.686274528503418 5.9604644775390625E-8 5.9604644775390625E-8 5.9604644775390625E-8 5.9604644775390625E-8 5.9604644775390625E-8 5.9604644775390625E-8 0.09019613265991211 0.9882352948188782 1.0 1.0 1.0 1.0 1.0 1.0 0.18039220571517944 5.9604644775390625E-8 5.9604644775390625E-8 5.9604644775390625E-8 5.9604644775390625E-8 5.9604644775390625E-8 5.9604644775390625E-8 0.5960784554481506 1.0 1.0 1.0 1.0 1.0 1.0 1.0 1.0 1.0 1.0 1.0 1.0 1.0 1.0 1.0 1.0 1.0 1.0 1.0 1.0 1.0 1.0 1.0 1.0 1.0 1.0 1.0 1.0 1.0 1.0 1.0 1.0 1.0 1.0 1.0 1.0 1.0 1.0 1.0 1.0 1.0 1.0 
1.0 1.0 1.0 1.0 1.0 1.0 1.0 1.0 1.0 1.0 1.0 1.0 1.0 1.0 1.0 1.0 1.0 1.0 1.0 1.0 1.0 1.0 1.0 1.0 1.0 1.0 1.0 1.0 1.0 1.0 1.0 1.0 1.0 1.0 1.0 1.0 0.29411768913269043 5.9604644775390625E-8 5.9604644775390625E-8 5.9604644775390625E-8 5.9604644775390625E-8 5.9604644775390625E-8 5.9604644775390625E-8 0.46274513006210327 1.0 1.0 1.0 1.0 1.0 1.0 1.0 0.5647059082984924 5.9604644775390625E-8 5.9604644775390625E-8 5.9604644775390625E-8 5.9604644775390625E-8 5.9604644775390625E-8 5.9604644775390625E-8 0.2039216160774231 1.0 1.0 1.0 1.0 1.0 1.0 1.0 1.0 1.0 1.0 1.0 1.0 1.0 1.0 1.0 1.0 1.0 1.0 1.0 1.0 1.0 1.0 1.0 1.0 1.0 1.0 1.0 1.0 1.0 1.0 1.0 1.0 1.0 1.0 1.0 1.0 1.0 1.0 1.0 1.0 1.0 1.0 
1.0 1.0 1.0 1.0 1.0 1.0 1.0 1.0 1.0 1.0 1.0 1.0 1.0 1.0 1.0 1.0 1.0 1.0 1.0 1.0 1.0 1.0 1.0 1.0 1.0 1.0 1.0 1.0 1.0 1.0 1.0 1.0 1.0 1.0 1.0 0.8941176533699036 0.011764764785766602 5.9604644775390625E-8 5.9604644775390625E-8 5.9604644775390625E-8 5.9604644775390625E-8 5.9604644775390625E-8 5.9604644775390625E-8 0.8549019694328308 1.0 1.0 1.0 1.0 1.0 1.0 1.0 0.9215686321258545 0.023529469966888428 5.9604644775390625E-8 5.9604644775390625E-8 5.9604644775390625E-8 5.9604644775390625E-8 5.9604644775390625E-8 5.9604644775390625E-8 0.8156862854957581 1.0 1.0 1.0 1.0 1.0 1.0 1.0 1.0 1.0 1.0 1.0 1.0 1.0 1.0 1.0 1.0 1.0 1.0 1.0 1.0 1.0 1.0 1.0 1.0 1.0 1.0 1.0 1.0 1.0 1.0 1.0 1.0 1.0 1.0 1.0 1.0 1.0 1.0 1.0 1.0 1.0 
1.0 1.0 1.0 1.0 1.0 1.0 1.0 1.0 1.0 1.0 1.0 1.0 1.0 1.0 1.0 1.0 1.0 1.0 1.0 1.0 1.0 1.0 1.0 1.0 1.0 1.0 1.0 1.0 1.0 1.0 1.0 1.0 1.0 1.0 1.0 0.5098039507865906 5.9604644775390625E-8 5.9604644775390625E-8 5.9604644775390625E-8 5.9604644775390625E-8 5.9604644775390625E-8 5.9604644775390625E-8 0.24313730001449585 1.0 1.0 1.0 1.0 1.0 1.0 1.0 1.0 1.0 0.3294118046760559 5.9604644775390625E-8 5.9604644775390625E-8 5.9604644775390625E-8 5.9604644775390625E-8 5.9604644775390625E-8 5.9604644775390625E-8 0.4235294461250305 1.0 1.0 1.0 1.0 1.0 1.0 1.0 1.0 1.0 1.0 1.0 1.0 1.0 1.0 1.0 1.0 1.0 1.0 1.0 1.0 1.0 1.0 1.0 1.0 1.0 1.0 1.0 1.0 1.0 1.0 1.0 1.0 1.0 1.0 1.0 1.0 1.0 1.0 1.0 1.0 1.0 
1.0 1.0 1.0 1.0 1.0 1.0 1.0 1.0 1.0 1.0 1.0 1.0 1.0 1.0 1.0 1.0 1.0 1.0 1.0 1.0 1.0 1.0 1.0 1.0 1.0 1.0 1.0 1.0 1.0 1.0 1.0 1.0 1.0 1.0 0.9960784316062927 0.1254902482032776 5.9604644775390625E-8 5.9604644775390625E-8 5.9604644775390625E-8 5.9604644775390625E-8 5.9604644775390625E-8 5.9604644775390625E-8 0.6352941393852234 1.0 1.0 1.0 1.0 1.0 1.0 1.0 1.0 1.0 0.7137255072593689 5.9604644775390625E-8 5.9604644775390625E-8 5.9604644775390625E-8 5.9604644775390625E-8 5.9604644775390625E-8 5.9604644775390625E-8 0.06666672229766846 0.9686274528503418 1.0 1.0 1.0 1.0 1.0 1.0 1.0 1.0 1.0 1.0 1.0 1.0 1.0 1.0 1.0 1.0 1.0 1.0 1.0 1.0 1.0 1.0 1.0 1.0 1.0 1.0 1.0 1.0 1.0 1.0 1.0 1.0 1.0 1.0 1.0 1.0 1.0 1.0 1.0 1.0 
1.0 1.0 1.0 1.0 1.0 1.0 1.0 1.0 1.0 1.0 1.0 1.0 1.0 1.0 1.0 1.0 1.0 1.0 1.0 1.0 1.0 1.0 1.0 1.0 1.0 1.0 1.0 1.0 1.0 1.0 1.0 1.0 1.0 1.0 0.729411780834198 5.9604644775390625E-8 5.9604644775390625E-8 5.9604644775390625E-8 5.9604644775390625E-8 5.9604644775390625E-8 5.9604644775390625E-8 0.058823585510253906 0.9607843160629272 1.0 1.0 1.0 1.0 1.0 1.0 1.0 1.0 1.0 0.9921568632125854 0.10196083784103394 5.9604644775390625E-8 5.9604644775390625E-8 5.9604644775390625E-8 5.9604644775390625E-8 5.9604644775390625E-8 5.9604644775390625E-8 0.6470588445663452 1.0 1.0 1.0 1.0 1.0 1.0 1.0 1.0 1.0 1.0 1.0 1.0 1.0 1.0 1.0 1.0 1.0 1.0 1.0 1.0 1.0 1.0 1.0 1.0 1.0 1.0 1.0 1.0 1.0 1.0 1.0 1.0 1.0 1.0 1.0 1.0 1.0 1.0 1.0 1.0 
1.0 1.0 1.0 1.0 1.0 1.0 1.0 1.0 1.0 1.0 1.0 1.0 1.0 1.0 1.0 1.0 1.0 1.0 1.0 1.0 1.0 1.0 1.0 1.0 1.0 1.0 1.0 1.0 1.0 1.0 1.0 1.0 1.0 1.0 0.3333333730697632 5.9604644775390625E-8 5.9604644775390625E-8 5.9604644775390625E-8 5.9604644775390625E-8 5.9604644775390625E-8 5.9604644775390625E-8 0.4117647409439087 1.0 1.0 1.0 1.0 1.0 1.0 1.0 1.0 1.0 1.0 1.0 0.4745098352432251 5.9604644775390625E-8 5.9604644775390625E-8 5.9604644775390625E-8 5.9604644775390625E-8 5.9604644775390625E-8 5.9604644775390625E-8 0.2549020051956177 1.0 1.0 1.0 1.0 1.0 1.0 1.0 1.0 1.0 1.0 1.0 1.0 1.0 1.0 1.0 1.0 1.0 1.0 1.0 1.0 1.0 1.0 1.0 1.0 1.0 1.0 1.0 1.0 1.0 1.0 1.0 1.0 1.0 1.0 1.0 1.0 1.0 1.0 1.0 1.0 
1.0 1.0 1.0 1.0 1.0 1.0 1.0 1.0 1.0 1.0 1.0 1.0 1.0 1.0 1.0 1.0 1.0 1.0 1.0 1.0 1.0 1.0 1.0 1.0 1.0 1.0 1.0 1.0 1.0 1.0 1.0 1.0 1.0 0.9176470637321472 0.023529469966888428 5.9604644775390625E-8 5.9604644775390625E-8 5.9604644775390625E-8 5.9604644775390625E-8 5.9604644775390625E-8 5.9604644775390625E-8 0.8039215803146362 1.0 1.0 1.0 1.0 1.0 1.0 1.0 1.0 1.0 1.0 1.0 0.8549019694328308 5.9604644775390625E-8 5.9604644775390625E-8 5.9604644775390625E-8 5.9604644775390625E-8 5.9604644775390625E-8 5.9604644775390625E-8 5.9604644775390625E-8 0.8588235378265381 1.0 1.0 1.0 1.0 1.0 1.0 1.0 1.0 1.0 1.0 1.0 1.0 1.0 1.0 1.0 1.0 1.0 1.0 1.0 1.0 1.0 1.0 1.0 1.0 1.0 1.0 1.0 1.0 1.0 1.0 1.0 1.0 1.0 1.0 1.0 1.0 1.0 1.0 1.0 
1.0 1.0 1.0 1.0 1.0 1.0 1.0 1.0 1.0 1.0 1.0 1.0 1.0 1.0 1.0 1.0 1.0 1.0 1.0 1.0 1.0 1.0 1.0 1.0 1.0 1.0 1.0 1.0 1.0 1.0 1.0 1.0 1.0 0.5529412031173706 5.9604644775390625E-8 5.9604644775390625E-8 5.9604644775390625E-8 5.9604644775390625E-8 5.9604644775390625E-8 5.9604644775390625E-8 0.188235342502594 1.0 1.0 1.0 1.0 1.0 1.0 1.0 1.0 1.0 1.0 1.0 1.0 1.0 0.2352941632270813 5.9604644775390625E-8 5.9604644775390625E-8 5.9604644775390625E-8 5.9604644775390625E-8 5.9604644775390625E-8 5.9604644775390625E-8 0.4745098352432251 1.0 1.0 1.0 1.0 1.0 1.0 1.0 1.0 1.0 1.0 1.0 1.0 1.0 1.0 1.0 1.0 1.0 1.0 1.0 1.0 1.0 1.0 1.0 1.0 1.0 1.0 1.0 1.0 1.0 1.0 1.0 1.0 1.0 1.0 1.0 1.0 1.0 1.0 1.0 
1.0 1.0 1.0 1.0 1.0 1.0 1.0 1.0 1.0 1.0 1.0 1.0 1.0 1.0 1.0 1.0 1.0 1.0 1.0 1.0 1.0 1.0 1.0 1.0 1.0 1.0 1.0 1.0 1.0 1.0 1.0 1.0 1.0 0.16078436374664307 5.9604644775390625E-8 5.9604644775390625E-8 5.9604644775390625E-8 5.9604644775390625E-8 5.9604644775390625E-8 5.9604644775390625E-8 0.5843137502670288 1.0 1.0 1.0 1.0 1.0 1.0 1.0 1.0 1.0 1.0 1.0 1.0 1.0 0.6196078658103943 5.9604644775390625E-8 5.9604644775390625E-8 5.9604644775390625E-8 5.9604644775390625E-8 5.9604644775390625E-8 5.9604644775390625E-8 0.09803926944732666 0.9882352948188782 1.0 1.0 1.0 1.0 1.0 1.0 1.0 1.0 1.0 1.0 1.0 1.0 1.0 1.0 1.0 1.0 1.0 1.0 1.0 1.0 1.0 1.0 1.0 1.0 1.0 0.9960784316062927 1.0 0.9960784316062927 1.0 1.0 1.0 1.0 1.0 1.0 1.0 1.0 1.0 1.0 
1.0 1.0 1.0 1.0 1.0 1.0 1.0 1.0 1.0 1.0 1.0 1.0 1.0 1.0 1.0 1.0 1.0 1.0 1.0 1.0 1.0 1.0 1.0 1.0 1.0 1.0 1.0 1.0 1.0 1.0 1.0 1.0 0.7686274647712708 5.9604644775390625E-8 5.9604644775390625E-8 5.9604644775390625E-8 5.9604644775390625E-8 5.9604644775390625E-8 5.9604644775390625E-8 0.03137260675430298 0.9372549057006836 1.0 1.0 1.0 1.0 1.0 1.0 1.0 1.0 1.0 1.0 1.0 1.0 1.0 0.95686274766922 0.043137311935424805 5.9604644775390625E-8 5.9604644775390625E-8 5.9604644775390625E-8 5.9604644775390625E-8 5.9604644775390625E-8 5.9604644775390625E-8 0.6941176652908325 1.0 1.0 1.0 1.0 1.0 1.0 1.0 1.0 1.0 1.0 1.0 1.0 1.0 1.0 1.0 1.0 1.0 1.0 1.0 1.0 1.0 1.0 1.0 1.0 0.9960784316062927 1.0 0.9960784316062927 1.0 1.0 1.0 1.0 1.0 1.0 1.0 1.0 1.0 1.0 1.0 
1.0 1.0 1.0 1.0 1.0 1.0 1.0 1.0 1.0 1.0 1.0 1.0 1.0 1.0 1.0 1.0 1.0 1.0 1.0 1.0 1.0 1.0 1.0 1.0 1.0 1.0 1.0 1.0 1.0 1.0 1.0 1.0 0.3764706254005432 5.9604644775390625E-8 5.9604644775390625E-8 5.9604644775390625E-8 5.9604644775390625E-8 5.9604644775390625E-8 5.9604644775390625E-8 0.3607843518257141 1.0 1.0 1.0 1.0 1.0 1.0 1.0 1.0 1.0 1.0 1.0 1.0 1.0 1.0 1.0 0.3803921937942505 5.9604644775390625E-8 5.9604644775390625E-8 5.9604644775390625E-8 5.9604644775390625E-8 5.9604644775390625E-8 5.9604644775390625E-8 0.301960825920105 1.0 1.0 1.0 1.0 1.0 1.0 1.0 1.0 1.0 1.0 1.0 1.0 1.0 1.0 1.0 1.0 1.0 1.0 1.0 1.0 1.0 1.0 1.0 0.9960784316062927 0.9960784316062927 0.9960784316062927 1.0 1.0 1.0 1.0 1.0 1.0 1.0 1.0 1.0 1.0 1.0 1.0 
1.0 1.0 1.0 1.0 1.0 1.0 1.0 1.0 1.0 1.0 1.0 1.0 1.0 1.0 1.0 1.0 1.0 1.0 1.0 1.0 1.0 1.0 1.0 1.0 1.0 1.0 1.0 1.0 1.0 1.0 1.0 0.9490196108818054 0.03921574354171753 5.9604644775390625E-8 5.9604644775390625E-8 5.9604644775390625E-8 5.9604644775390625E-8 5.9604644775390625E-8 5.9604644775390625E-8 0.7529411911964417 1.0 1.0 1.0 1.0 1.0 1.0 1.0 1.0 1.0 1.0 1.0 1.0 1.0 1.0 1.0 0.7607843279838562 5.9604644775390625E-8 5.9604644775390625E-8 5.9604644775390625E-8 5.9604644775390625E-8 5.9604644775390625E-8 5.9604644775390625E-8 0.011764764785766602 0.8980392217636108 1.0 1.0 1.0 1.0 1.0 1.0 1.0 1.0 1.0 1.0 1.0 1.0 1.0 1.0 1.0 1.0 1.0 1.0 1.0 1.0 1.0 1.0 0.9960784316062927 0.9960784316062927 1.0 1.0 1.0 1.0 1.0 1.0 1.0 1.0 1.0 1.0 1.0 1.0 1.0 
1.0 1.0 1.0 1.0 1.0 1.0 1.0 1.0 1.0 1.0 1.0 1.0 1.0 1.0 1.0 1.0 1.0 1.0 1.0 1.0 1.0 1.0 1.0 1.0 1.0 1.0 1.0 1.0 1.0 1.0 1.0 0.5960784554481506 5.9604644775390625E-8 5.9604644775390625E-8 5.9604644775390625E-8 5.9604644775390625E-8 5.9604644775390625E-8 5.9604644775390625E-8 0.1411765217781067 1.0 1.0 1.0 1.0 1.0 1.0 1.0 1.0 1.0 1.0 1.0 1.0 1.0 1.0 1.0 1.0 1.0 0.14509809017181396 5.9604644775390625E-8 5.9604644775390625E-8 5.9604644775390625E-8 5.9604644775390625E-8 5.9604644775390625E-8 5.9604644775390625E-8 0.5215686559677124 1.0 1.0 1.0 1.0 1.0 1.0 1.0 1.0 1.0 1.0 1.0 1.0 1.0 1.0 1.0 1.0 1.0 1.0 1.0 1.0 1.0 0.9960784316062927 0.9960784316062927 0.9960784316062927 1.0 1.0 1.0 1.0 1.0 1.0 1.0 1.0 1.0 1.0 1.0 1.0 1.0 
1.0 1.0 1.0 1.0 1.0 1.0 1.0 1.0 1.0 1.0 1.0 1.0 1.0 1.0 1.0 1.0 1.0 1.0 1.0 1.0 1.0 1.0 1.0 1.0 1.0 1.0 1.0 1.0 1.0 1.0 1.0 0.20000004768371582 5.9604644775390625E-8 5.9604644775390625E-8 5.9604644775390625E-8 5.9604644775390625E-8 5.9604644775390625E-8 5.9604644775390625E-8 0.5333333611488342 1.0 1.0 1.0 1.0 1.0 1.0 1.0 1.0 1.0 1.0 1.0 1.0 1.0 1.0 1.0 1.0 1.0 0.5254902243614197 5.9604644775390625E-8 5.9604644775390625E-8 5.9604644775390625E-8 5.9604644775390625E-8 5.9604644775390625E-8 5.9604644775390625E-8 0.13333338499069214 0.9960784316062927 1.0 1.0 1.0 1.0 1.0 1.0 1.0 1.0 1.0 1.0 1.0 1.0 1.0 1.0 1.0 1.0 1.0 1.0 1.0 1.0 0.9960784316062927 0.9960784316062927 1.0 1.0 1.0 1.0 1.0 1.0 1.0 1.0 1.0 1.0 1.0 1.0 1.0 1.0 
1.0 1.0 1.0 1.0 1.0 1.0 1.0 1.0 1.0 1.0 1.0 1.0 1.0 1.0 1.0 1.0 1.0 1.0 1.0 1.0 1.0 1.0 1.0 1.0 1.0 1.0 1.0 1.0 1.0 1.0 0.8117647171020508 5.9604644775390625E-8 5.9604644775390625E-8 5.9604644775390625E-8 5.9604644775390625E-8 5.9604644775390625E-8 5.9604644775390625E-8 0.015686333179473877 0.9058823585510254 1.0 1.0 1.0 1.0 1.0 1.0 1.0 1.0 1.0 1.0 1.0 1.0 1.0 1.0 1.0 1.0 1.0 0.8941176533699036 0.011764764785766602 5.9604644775390625E-8 5.9604644775390625E-8 5.9604644775390625E-8 5.9604644775390625E-8 5.9604644775390625E-8 5.9604644775390625E-8 0.7411764860153198 1.0 1.0 1.0 1.0 1.0 1.0 1.0 1.0 1.0 1.0 1.0 1.0 1.0 1.0 1.0 1.0 1.0 1.0 1.0 1.0 1.0 1.0 1.0 1.0 1.0 1.0 1.0 1.0 1.0 1.0 1.0 1.0 1.0 1.0 1.0 1.0 
1.0 1.0 1.0 1.0 1.0 1.0 1.0 1.0 1.0 1.0 1.0 1.0 1.0 1.0 1.0 1.0 1.0 1.0 1.0 1.0 1.0 1.0 1.0 1.0 1.0 1.0 1.0 1.0 1.0 1.0 0.41960787773132324 5.9604644775390625E-8 5.9604644775390625E-8 5.9604644775390625E-8 5.9604644775390625E-8 5.9604644775390625E-8 5.9604644775390625E-8 0.30980396270751953 1.0 1.0 1.0 1.0 1.0 1.0 1.0 1.0 1.0 1.0 1.0 1.0 1.0 1.0 1.0 1.0 1.0 1.0 1.0 0.2862745523452759 5.9604644775390625E-8 5.9604644775390625E-8 5.9604644775390625E-8 5.9604644775390625E-8 5.9604644775390625E-8 5.9604644775390625E-8 0.3490196466445923 1.0 1.0 1.0 1.0 1.0 1.0 1.0 1.0 1.0 1.0 1.0 1.0 1.0 1.0 1.0 1.0 1.0 1.0 1.0 1.0 1.0 1.0 1.0 1.0 1.0 1.0 1.0 1.0 1.0 1.0 1.0 1.0 1.0 1.0 1.0 1.0 
1.0 1.0 1.0 1.0 1.0 1.0 1.0 1.0 1.0 1.0 1.0 1.0 1.0 1.0 1.0 1.0 1.0 1.0 1.0 1.0 1.0 1.0 1.0 1.0 1.0 1.0 1.0 1.0 1.0 0.9607843160629272 0.06274515390396118 5.9604644775390625E-8 5.9604644775390625E-8 5.9604644775390625E-8 5.9604644775390625E-8 5.9604644775390625E-8 5.9604644775390625E-8 0.7019608020782471 1.0 1.0 1.0 1.0 1.0 1.0 1.0 1.0 1.0 1.0 1.0 1.0 1.0 1.0 1.0 1.0 1.0 1.0 1.0 0.6705882549285889 5.9604644775390625E-8 5.9604644775390625E-8 5.9604644775390625E-8 5.9604644775390625E-8 5.9604644775390625E-8 5.9604644775390625E-8 0.027451038360595703 0.929411768913269 1.0 1.0 1.0 1.0 1.0 1.0 1.0 1.0 1.0 1.0 1.0 1.0 1.0 1.0 1.0 1.0 1.0 1.0 1.0 1.0 1.0 1.0 1.0 1.0 1.0 1.0 1.0 1.0 1.0 1.0 1.0 1.0 1.0 1.0 1.0 
1.0 1.0 1.0 1.0 1.0 1.0 1.0 1.0 1.0 1.0 1.0 1.0 1.0 1.0 1.0 1.0 1.0 1.0 1.0 1.0 1.0 1.0 1.0 1.0 1.0 1.0 1.0 1.0 1.0 0.6352941393852234 5.9604644775390625E-8 5.9604644775390625E-8 5.9604644775390625E-8 5.9604644775390625E-8 5.9604644775390625E-8 5.9604644775390625E-8 0.10196083784103394 0.9921568632125854 1.0 1.0 1.0 1.0 1.0 1.0 1.0 1.0 1.0 1.0 1.0 1.0 1.0 1.0 1.0 1.0 1.0 1.0 1.0 0.9764705896377563 0.07450985908508301 5.9604644775390625E-8 5.9604644775390625E-8 5.9604644775390625E-8 5.9604644775390625E-8 5.9604644775390625E-8 5.9604644775390625E-8 0.572549045085907 1.0 1.0 1.0 1.0 1.0 1.0 1.0 1.0 1.0 1.0 1.0 1.0 1.0 1.0 1.0 1.0 1.0 1.0 1.0 1.0 1.0 1.0 1.0 1.0 1.0 1.0 1.0 1.0 1.0 1.0 1.0 1.0 1.0 1.0 1.0 
1.0 1.0 1.0 1.0 1.0 1.0 1.0 1.0 1.0 1.0 1.0 1.0 1.0 1.0 1.0 1.0 1.0 1.0 1.0 1.0 1.0 1.0 1.0 1.0 1.0 1.0 1.0 1.0 1.0 0.24313730001449585 5.9604644775390625E-8 5.9604644775390625E-8 5.9604644775390625E-8 5.9604644775390625E-8 5.9604644775390625E-8 5.9604644775390625E-8 0.4784314036369324 1.0 1.0 1.0 1.0 1.0 1.0 1.0 1.0 1.0 1.0 1.0 1.0 1.0 1.0 1.0 1.0 1.0 1.0 1.0 1.0 1.0 0.43529415130615234 5.9604644775390625E-8 5.9604644775390625E-8 5.9604644775390625E-8 5.9604644775390625E-8 5.9604644775390625E-8 5.9604644775390625E-8 0.18039220571517944 1.0 1.0 1.0 1.0 1.0 1.0 1.0 1.0 1.0 1.0 1.0 1.0 1.0 1.0 1.0 1.0 1.0 1.0 1.0 1.0 1.0 1.0 1.0 1.0 1.0 1.0 1.0 1.0 1.0 1.0 1.0 1.0 1.0 1.0 1.0 
1.0 1.0 1.0 1.0 1.0 1.0 1.0 1.0 1.0 1.0 1.0 1.0 1.0 1.0 1.0 1.0 1.0 1.0 1.0 1.0 1.0 1.0 1.0 1.0 1.0 1.0 1.0 1.0 0.8549019694328308 5.9604644775390625E-8 5.9604644775390625E-8 5.9604644775390625E-8 5.9604644775390625E-8 5.9604644775390625E-8 5.9604644775390625E-8 5.9604644775390625E-8 5.9604644775390625E-8 5.9604644775390625E-8 5.9604644775390625E-8 5.9604644775390625E-8 5.9604644775390625E-8 5.9604644775390625E-8 5.9604644775390625E-8 5.9604644775390625E-8 5.9604644775390625E-8 5.9604644775390625E-8 5.9604644775390625E-8 5.9604644775390625E-8 5.9604644775390625E-8 5.9604644775390625E-8 5.9604644775390625E-8 5.9604644775390625E-8 5.9604644775390625E-8 5.9604644775390625E-8 5.9604644775390625E-8 5.9604644775390625E-8 5.9604644775390625E-8 5.9604644775390625E-8 5.9604644775390625E-8 5.9604644775390625E-8 5.9604644775390625E-8 5.9604644775390625E-8 5.9604644775390625E-8 5.9604644775390625E-8 5.9604644775390625E-8 5.9604644775390625E-8 0.7921568751335144 1.0 1.0 1.0 1.0 1.0 1.0 1.0 1.0 1.0 1.0 1.0 1.0 1.0 1.0 1.0 1.0 1.0 1.0 1.0 1.0 1.0 1.0 1.0 1.0 1.0 1.0 1.0 1.0 1.0 1.0 1.0 1.0 1.0 1.0 
1.0 1.0 1.0 1.0 1.0 1.0 1.0 1.0 1.0 1.0 1.0 1.0 1.0 1.0 1.0 1.0 1.0 1.0 1.0 1.0 1.0 1.0 1.0 1.0 1.0 1.0 1.0 1.0 0.46274513006210327 5.9604644775390625E-8 5.9604644775390625E-8 5.9604644775390625E-8 5.9604644775390625E-8 5.9604644775390625E-8 5.9604644775390625E-8 5.9604644775390625E-8 5.9604644775390625E-8 5.9604644775390625E-8 5.9604644775390625E-8 5.9604644775390625E-8 5.9604644775390625E-8 5.9604644775390625E-8 5.9604644775390625E-8 5.9604644775390625E-8 5.9604644775390625E-8 5.9604644775390625E-8 5.9604644775390625E-8 5.9604644775390625E-8 5.9604644775390625E-8 5.9604644775390625E-8 5.9604644775390625E-8 5.9604644775390625E-8 5.9604644775390625E-8 5.9604644775390625E-8 5.9604644775390625E-8 5.9604644775390625E-8 5.9604644775390625E-8 5.9604644775390625E-8 5.9604644775390625E-8 5.9604644775390625E-8 5.9604644775390625E-8 5.9604644775390625E-8 5.9604644775390625E-8 5.9604644775390625E-8 5.9604644775390625E-8 5.9604644775390625E-8 0.40000003576278687 1.0 1.0 1.0 1.0 1.0 1.0 1.0 1.0 1.0 1.0 1.0 1.0 1.0 1.0 1.0 1.0 1.0 1.0 1.0 1.0 1.0 1.0 1.0 1.0 1.0 1.0 1.0 1.0 1.0 1.0 1.0 1.0 1.0 1.0 
1.0 1.0 1.0 1.0 1.0 1.0 1.0 1.0 1.0 1.0 1.0 1.0 1.0 1.0 1.0 1.0 1.0 1.0 1.0 1.0 1.0 1.0 1.0 1.0 1.0 1.0 1.0 0.9803921580314636 0.08627456426620483 5.9604644775390625E-8 5.9604644775390625E-8 5.9604644775390625E-8 5.9604644775390625E-8 5.9604644775390625E-8 5.9604644775390625E-8 5.9604644775390625E-8 5.9604644775390625E-8 5.9604644775390625E-8 5.9604644775390625E-8 5.9604644775390625E-8 5.9604644775390625E-8 5.9604644775390625E-8 5.9604644775390625E-8 5.9604644775390625E-8 5.9604644775390625E-8 5.9604644775390625E-8 5.9604644775390625E-8 5.9604644775390625E-8 5.9604644775390625E-8 5.9604644775390625E-8 5.9604644775390625E-8 5.9604644775390625E-8 5.9604644775390625E-8 5.9604644775390625E-8 5.9604644775390625E-8 5.9604644775390625E-8 5.9604644775390625E-8 5.9604644775390625E-8 5.9604644775390625E-8 5.9604644775390625E-8 5.9604644775390625E-8 5.9604644775390625E-8 5.9604644775390625E-8 5.9604644775390625E-8 5.9604644775390625E-8 5.9604644775390625E-8 0.050980448722839355 0.9607843160629272 1.0 1.0 1.0 1.0 1.0 1.0 1.0 1.0 1.0 1.0 1.0 1.0 1.0 1.0 1.0 1.0 1.0 1.0 1.0 1.0 1.0 1.0 1.0 1.0 1.0 1.0 1.0 1.0 1.0 1.0 1.0 1.0 1.0 
1.0 1.0 1.0 1.0 1.0 1.0 1.0 1.0 1.0 1.0 1.0 1.0 1.0 1.0 1.0 1.0 1.0 1.0 1.0 1.0 1.0 1.0 1.0 1.0 1.0 1.0 1.0 0.6784313917160034 5.9604644775390625E-8 5.9604644775390625E-8 5.9604644775390625E-8 5.9604644775390625E-8 5.9604644775390625E-8 5.9604644775390625E-8 5.9604644775390625E-8 5.9604644775390625E-8 5.9604644775390625E-8 5.9604644775390625E-8 5.9604644775390625E-8 5.9604644775390625E-8 5.9604644775390625E-8 5.9604644775390625E-8 5.9604644775390625E-8 5.9604644775390625E-8 5.9604644775390625E-8 5.9604644775390625E-8 5.9604644775390625E-8 5.9604644775390625E-8 5.9604644775390625E-8 5.9604644775390625E-8 5.9604644775390625E-8 5.9604644775390625E-8 5.9604644775390625E-8 5.9604644775390625E-8 5.9604644775390625E-8 5.9604644775390625E-8 5.9604644775390625E-8 5.9604644775390625E-8 5.9604644775390625E-8 5.9604644775390625E-8 5.9604644775390625E-8 5.9604644775390625E-8 5.9604644775390625E-8 5.9604644775390625E-8 5.9604644775390625E-8 5.9604644775390625E-8 5.9604644775390625E-8 0.6196078658103943 1.0 1.0 1.0 1.0 1.0 1.0 1.0 1.0 1.0 1.0 1.0 1.0 1.0 1.0 1.0 1.0 1.0 1.0 1.0 1.0 1.0 1.0 1.0 1.0 1.0 1.0 1.0 1.0 1.0 1.0 1.0 1.0 1.0 
1.0 1.0 1.0 1.0 1.0 1.0 1.0 1.0 1.0 1.0 1.0 1.0 1.0 1.0 1.0 1.0 1.0 1.0 1.0 1.0 1.0 1.0 1.0 1.0 1.0 1.0 1.0 0.2862745523452759 5.9604644775390625E-8 5.9604644775390625E-8 5.9604644775390625E-8 5.9604644775390625E-8 5.9604644775390625E-8 5.9604644775390625E-8 5.9604644775390625E-8 5.9604644775390625E-8 5.9604644775390625E-8 5.9604644775390625E-8 5.9604644775390625E-8 5.9604644775390625E-8 5.9604644775390625E-8 5.9604644775390625E-8 5.9604644775390625E-8 5.9604644775390625E-8 5.9604644775390625E-8 5.9604644775390625E-8 5.9604644775390625E-8 5.9604644775390625E-8 5.9604644775390625E-8 5.9604644775390625E-8 5.9604644775390625E-8 5.9604644775390625E-8 5.9604644775390625E-8 5.9604644775390625E-8 5.9604644775390625E-8 5.9604644775390625E-8 5.9604644775390625E-8 5.9604644775390625E-8 5.9604644775390625E-8 5.9604644775390625E-8 5.9604644775390625E-8 5.9604644775390625E-8 5.9604644775390625E-8 5.9604644775390625E-8 5.9604644775390625E-8 5.9604644775390625E-8 5.9604644775390625E-8 0.22745102643966675 1.0 1.0 1.0 1.0 1.0 1.0 1.0 1.0 1.0 1.0 1.0 1.0 1.0 1.0 1.0 1.0 1.0 1.0 1.0 1.0 1.0 1.0 1.0 1.0 1.0 1.0 1.0 1.0 1.0 1.0 1.0 1.0 1.0 
1.0 1.0 1.0 1.0 1.0 1.0 1.0 1.0 1.0 1.0 1.0 1.0 1.0 1.0 1.0 1.0 1.0 1.0 1.0 1.0 1.0 1.0 1.0 1.0 1.0 1.0 0.886274516582489 0.007843196392059326 5.9604644775390625E-8 5.9604644775390625E-8 5.9604644775390625E-8 5.9604644775390625E-8 5.9604644775390625E-8 5.9604644775390625E-8 5.9604644775390625E-8 5.9604644775390625E-8 5.9604644775390625E-8 5.9604644775390625E-8 5.9604644775390625E-8 5.9604644775390625E-8 5.9604644775390625E-8 5.9604644775390625E-8 5.9604644775390625E-8 5.9604644775390625E-8 5.9604644775390625E-8 5.9604644775390625E-8 5.9604644775390625E-8 5.9604644775390625E-8 5.9604644775390625E-8 5.9604644775390625E-8 5.9604644775390625E-8 5.9604644775390625E-8 5.9604644775390625E-8 5.9604644775390625E-8 5.9604644775390625E-8 5.9604644775390625E-8 5.9604644775390625E-8 5.9604644775390625E-8 5.9604644775390625E-8 5.9604644775390625E-8 5.9604644775390625E-8 5.9604644775390625E-8 5.9604644775390625E-8 5.9604644775390625E-8 5.9604644775390625E-8 5.9604644775390625E-8 5.9604644775390625E-8 5.9604644775390625E-8 0.8392156958580017 1.0 1.0 1.0 1.0 1.0 1.0 1.0 1.0 1.0 1.0 1.0 1.0 1.0 1.0 1.0 1.0 1.0 1.0 1.0 1.0 1.0 1.0 1.0 1.0 1.0 1.0 1.0 1.0 1.0 1.0 1.0 1.0 
1.0 1.0 1.0 1.0 1.0 1.0 1.0 1.0 1.0 1.0 1.0 1.0 1.0 1.0 1.0 1.0 1.0 1.0 1.0 1.0 1.0 1.0 1.0 1.0 1.0 1.0 0.501960813999176 5.9604644775390625E-8 5.9604644775390625E-8 5.9604644775390625E-8 5.9604644775390625E-8 5.9604644775390625E-8 5.9604644775390625E-8 0.03921574354171753 0.4392157196998596 0.4392157196998596 0.4392157196998596 0.4392157196998596 0.4392157196998596 0.4392157196998596 0.4392157196998596 0.4392157196998596 0.4392157196998596 0.4392157196998596 0.4392157196998596 0.4392157196998596 0.4392157196998596 0.4392157196998596 0.4392157196998596 0.4392157196998596 0.4392157196998596 0.4392157196998596 0.4392157196998596 0.4392157196998596 0.4392157196998596 0.4392157196998596 0.4392157196998596 0.4392157196998596 0.4392157196998596 0.4392157196998596 0.43529415130615234 0.019607901573181152 5.9604644775390625E-8 5.9604644775390625E-8 5.9604644775390625E-8 5.9604644775390625E-8 5.9604644775390625E-8 5.9604644775390625E-8 0.44705885648727417 1.0 1.0 1.0 1.0 1.0 1.0 1.0 1.0 1.0 1.0 1.0 1.0 1.0 1.0 1.0 1.0 1.0 1.0 1.0 1.0 1.0 1.0 1.0 1.0 1.0 1.0 1.0 1.0 1.0 1.0 1.0 1.0 
1.0 1.0 1.0 1.0 1.0 1.0 1.0 1.0 1.0 1.0 1.0 1.0 1.0 1.0 1.0 1.0 1.0 1.0 1.0 1.0 1.0 1.0 1.0 1.0 1.0 0.9921568632125854 0.11764711141586304 5.9604644775390625E-8 5.9604644775390625E-8 5.9604644775390625E-8 5.9604644775390625E-8 5.9604644775390625E-8 5.9604644775390625E-8 0.3647059202194214 1.0 1.0 1.0 1.0 1.0 1.0 1.0 1.0 1.0 1.0 1.0 1.0 1.0 1.0 1.0 1.0 1.0 1.0 1.0 1.0 1.0 1.0 1.0 1.0 1.0 1.0 1.0 0.30980396270751953 5.9604644775390625E-8 5.9604644775390625E-8 5.9604644775390625E-8 5.9604644775390625E-8 5.9604644775390625E-8 5.9604644775390625E-8 0.07843142747879028 0.9764705896377563 1.0 1.0 1.0 1.0 1.0 1.0 1.0 1.0 1.0 1.0 1.0 1.0 1.0 1.0 1.0 1.0 1.0 1.0 1.0 1.0 1.0 1.0 1.0 1.0 1.0 1.0 1.0 1.0 1.0 1.0 1.0 
1.0 1.0 1.0 1.0 1.0 1.0 1.0 1.0 1.0 1.0 1.0 1.0 1.0 1.0 1.0 1.0 1.0 1.0 1.0 1.0 1.0 1.0 1.0 1.0 1.0 0.7215686440467834 5.9604644775390625E-8 5.9604644775390625E-8 5.9604644775390625E-8 5.9604644775390625E-8 5.9604644775390625E-8 5.9604644775390625E-8 5.9604644775390625E-8 0.7411764860153198 1.0 1.0 1.0 1.0 1.0 1.0 1.0 1.0 1.0 1.0 1.0 1.0 1.0 1.0 1.0 1.0 1.0 1.0 1.0 1.0 1.0 1.0 1.0 1.0 1.0 1.0 1.0 0.6666666865348816 5.9604644775390625E-8 5.9604644775390625E-8 5.9604644775390625E-8 5.9604644775390625E-8 5.9604644775390625E-8 5.9604644775390625E-8 5.9604644775390625E-8 0.6666666865348816 1.0 1.0 1.0 1.0 1.0 1.0 1.0 1.0 1.0 1.0 1.0 1.0 1.0 1.0 1.0 1.0 1.0 1.0 1.0 1.0 1.0 1.0 1.0 1.0 1.0 1.0 1.0 1.0 1.0 1.0 1.0 
1.0 1.0 1.0 1.0 1.0 1.0 1.0 1.0 1.0 1.0 1.0 1.0 1.0 1.0 1.0 1.0 1.0 1.0 1.0 1.0 1.0 1.0 1.0 1.0 1.0 0.3294118046760559 5.9604644775390625E-8 5.9604644775390625E-8 5.9604644775390625E-8 5.9604644775390625E-8 5.9604644775390625E-8 5.9604644775390625E-8 0.10980397462844849 0.9921568632125854 1.0 1.0 1.0 1.0 1.0 1.0 1.0 1.0 1.0 1.0 1.0 1.0 1.0 1.0 1.0 1.0 1.0 1.0 1.0 1.0 1.0 1.0 1.0 1.0 1.0 1.0 1.0 0.9686274528503418 0.058823585510253906 5.9604644775390625E-8 5.9604644775390625E-8 5.9604644775390625E-8 5.9604644775390625E-8 5.9604644775390625E-8 5.9604644775390625E-8 0.27450984716415405 1.0 1.0 1.0 1.0 1.0 1.0 1.0 1.0 1.0 1.0 1.0 1.0 1.0 1.0 1.0 1.0 1.0 1.0 1.0 1.0 1.0 1.0 1.0 1.0 1.0 1.0 1.0 1.0 1.0 1.0 1.0 
1.0 1.0 1.0 1.0 1.0 1.0 1.0 1.0 1.0 1.0 1.0 1.0 1.0 1.0 1.0 1.0 1.0 1.0 1.0 1.0 1.0 1.0 1.0 1.0 0.9176470637321472 0.019607901573181152 5.9604644775390625E-8 5.9604644775390625E-8 5.9604644775390625E-8 5.9604644775390625E-8 5.9604644775390625E-8 5.9604644775390625E-8 0.4745098352432251 1.0 1.0 1.0 1.0 1.0 1.0 1.0 1.0 1.0 1.0 1.0 1.0 1.0 1.0 1.0 1.0 1.0 1.0 1.0 1.0 1.0 1.0 1.0 1.0 1.0 1.0 1.0 1.0 1.0 0.38823533058166504 5.9604644775390625E-8 5.9604644775390625E-8 5.9604644775390625E-8 5.9604644775390625E-8 5.9604644775390625E-8 5.9604644775390625E-8 0.007843196392059326 0.8823529481887817 1.0 1.0 1.0 1.0 1.0 1.0 1.0 1.0 1.0 1.0 1.0 1.0 1.0 1.0 1.0 1.0 1.0 1.0 1.0 1.0 1.0 1.0 1.0 1.0 1.0 1.0 1.0 1.0 1.0 1.0 
1.0 1.0 1.0 1.0 1.0 1.0 1.0 1.0 1.0 1.0 1.0 1.0 1.0 1.0 1.0 1.0 1.0 1.0 1.0 1.0 1.0 1.0 1.0 1.0 0.545098066329956 5.9604644775390625E-8 5.9604644775390625E-8 5.9604644775390625E-8 5.9604644775390625E-8 5.9604644775390625E-8 5.9604644775390625E-8 5.9604644775390625E-8 0.843137264251709 1.0 1.0 1.0 1.0 1.0 1.0 1.0 1.0 1.0 1.0 1.0 1.0 1.0 1.0 1.0 1.0 1.0 1.0 1.0 1.0 1.0 1.0 1.0 1.0 1.0 1.0 1.0 1.0 1.0 0.7490196228027344 5.9604644775390625E-8 5.9604644775390625E-8 5.9604644775390625E-8 5.9604644775390625E-8 5.9604644775390625E-8 5.9604644775390625E-8 5.9604644775390625E-8 0.4941176772117615 1.0 1.0 1.0 1.0 1.0 1.0 1.0 1.0 1.0 1.0 1.0 1.0 1.0 1.0 1.0 1.0 1.0 1.0 1.0 1.0 1.0 1.0 1.0 1.0 1.0 1.0 1.0 1.0 1.0 1.0 
1.0 1.0 1.0 1.0 1.0 1.0 1.0 1.0 1.0 1.0 1.0 1.0 1.0 1.0 1.0 1.0 1.0 1.0 1.0 1.0 1.0 1.0 1.0 1.0 0.15294122695922852 5.9604644775390625E-8 5.9604644775390625E-8 5.9604644775390625E-8 5.9604644775390625E-8 5.9604644775390625E-8 5.9604644775390625E-8 0.21176475286483765 1.0 1.0 1.0 1.0 1.0 1.0 1.0 1.0 1.0 1.0 1.0 1.0 1.0 1.0 1.0 1.0 1.0 1.0 1.0 1.0 1.0 1.0 1.0 1.0 1.0 1.0 1.0 1.0 1.0 1.0 0.9960784316062927 0.10980397462844849 5.9604644775390625E-8 5.9604644775390625E-8 5.9604644775390625E-8 5.9604644775390625E-8 5.9604644775390625E-8 5.9604644775390625E-8 0.11372554302215576 0.9921568632125854 1.0 1.0 1.0 1.0 1.0 1.0 1.0 1.0 1.0 1.0 1.0 1.0 1.0 1.0 1.0 1.0 1.0 1.0 1.0 1.0 1.0 1.0 1.0 1.0 1.0 1.0 1.0 1.0 1.0 
1.0 1.0 1.0 1.0 1.0 1.0 1.0 1.0 1.0 1.0 1.0 1.0 1.0 1.0 1.0 1.0 1.0 1.0 1.0 1.0 1.0 1.0 1.0 0.7607843279838562 5.9604644775390625E-8 5.9604644775390625E-8 5.9604644775390625E-8 5.9604644775390625E-8 5.9604644775390625E-8 5.9604644775390625E-8 5.9604644775390625E-8 0.5843137502670288 1.0 1.0 1.0 1.0 1.0 1.0 1.0 1.0 1.0 1.0 1.0 1.0 1.0 1.0 1.0 1.0 1.0 1.0 1.0 1.0 1.0 1.0 1.0 1.0 1.0 1.0 1.0 1.0 1.0 1.0 1.0 0.46666669845581055 5.9604644775390625E-8 5.9604644775390625E-8 5.9604644775390625E-8 5.9604644775390625E-8 5.9604644775390625E-8 5.9604644775390625E-8 5.9604644775390625E-8 0.7176470756530762 1.0 1.0 1.0 1.0 1.0 1.0 1.0 1.0 1.0 1.0 1.0 1.0 1.0 1.0 1.0 1.0 1.0 1.0 1.0 1.0 1.0 1.0 1.0 1.0 1.0 1.0 1.0 1.0 1.0 
1.0 1.0 1.0 1.0 1.0 1.0 1.0 1.0 1.0 1.0 1.0 1.0 1.0 1.0 1.0 1.0 1.0 1.0 1.0 1.0 1.0 1.0 1.0 0.36862748861312866 5.9604644775390625E-8 5.9604644775390625E-8 5.9604644775390625E-8 5.9604644775390625E-8 5.9604644775390625E-8 5.9604644775390625E-8 0.023529469966888428 0.929411768913269 1.0 1.0 1.0 1.0 1.0 1.0 1.0 1.0 1.0 1.0 1.0 1.0 1.0 1.0 1.0 1.0 1.0 1.0 1.0 1.0 1.0 1.0 1.0 1.0 1.0 1.0 1.0 1.0 1.0 1.0 1.0 0.8274509906768799 5.9604644775390625E-8 5.9604644775390625E-8 5.9604644775390625E-8 5.9604644775390625E-8 5.9604644775390625E-8 5.9604644775390625E-8 5.9604644775390625E-8 0.32549023628234863 1.0 1.0 1.0 1.0 1.0 1.0 1.0 1.0 1.0 1.0 1.0 1.0 1.0 1.0 1.0 1.0 1.0 1.0 1.0 1.0 1.0 1.0 1.0 1.0 1.0 1.0 1.0 1.0 1.0 
1.0 1.0 1.0 1.0 1.0 1.0 1.0 1.0 1.0 1.0 1.0 1.0 1.0 1.0 1.0 1.0 1.0 1.0 1.0 1.0 1.0 1.0 0.9411764740943909 0.035294175148010254 5.9604644775390625E-8 5.9604644775390625E-8 5.9604644775390625E-8 5.9604644775390625E-8 5.9604644775390625E-8 5.9604644775390625E-8 0.32156866788864136 1.0 1.0 1.0 1.0 1.0 1.0 1.0 1.0 1.0 1.0 1.0 1.0 1.0 1.0 1.0 1.0 1.0 1.0 1.0 1.0 1.0 1.0 1.0 1.0 1.0 1.0 1.0 1.0 1.0 1.0 1.0 1.0 1.0 0.188235342502594 5.9604644775390625E-8 5.9604644775390625E-8 5.9604644775390625E-8 5.9604644775390625E-8 5.9604644775390625E-8 5.9604644775390625E-8 0.019607901573181152 0.9176470637321472 1.0 1.0 1.0 1.0 1.0 1.0 1.0 1.0 1.0 1.0 1.0 1.0 1.0 1.0 1.0 1.0 1.0 1.0 1.0 1.0 1.0 1.0 1.0 1.0 1.0 1.0 1.0 1.0 
1.0 1.0 1.0 1.0 1.0 1.0 1.0 1.0 1.0 1.0 1.0 1.0 1.0 1.0 1.0 1.0 1.0 1.0 1.0 1.0 1.0 1.0 0.5882353186607361 5.9604644775390625E-8 5.9604644775390625E-8 5.9604644775390625E-8 5.9604644775390625E-8 5.9604644775390625E-8 5.9604644775390625E-8 5.9604644775390625E-8 0.6901960968971252 1.0 1.0 1.0 1.0 1.0 1.0 1.0 1.0 1.0 1.0 1.0 1.0 1.0 1.0 1.0 1.0 1.0 1.0 1.0 1.0 1.0 1.0 1.0 1.0 1.0 1.0 1.0 1.0 1.0 1.0 1.0 1.0 1.0 0.5490196347236633 5.9604644775390625E-8 5.9604644775390625E-8 5.9604644775390625E-8 5.9604644775390625E-8 5.9604644775390625E-8 5.9604644775390625E-8 5.9604644775390625E-8 0.545098066329956 1.0 1.0 1.0 1.0 1.0 1.0 1.0 1.0 1.0 1.0 1.0 1.0 1.0 1.0 1.0 1.0 1.0 1.0 1.0 1.0 1.0 1.0 1.0 1.0 1.0 1.0 1.0 1.0 
1.0 1.0 1.0 1.0 1.0 1.0 1.0 1.0 1.0 1.0 1.0 1.0 1.0 1.0 1.0 1.0 1.0 1.0 1.0 1.0 1.0 1.0 0.19607847929000854 5.9604644775390625E-8 5.9604644775390625E-8 5.9604644775390625E-8 5.9604644775390625E-8 5.9604644775390625E-8 5.9604644775390625E-8 0.07843142747879028 0.9803921580314636 1.0 1.0 1.0 1.0 1.0 1.0 1.0 1.0 1.0 1.0 1.0 1.0 1.0 1.0 1.0 1.0 1.0 1.0 1.0 1.0 1.0 1.0 1.0 1.0 1.0 1.0 1.0 1.0 1.0 1.0 1.0 1.0 1.0 0.8980392217636108 0.007843196392059326 5.9604644775390625E-8 5.9604644775390625E-8 5.9604644775390625E-8 5.9604644775390625E-8 5.9604644775390625E-8 5.9604644775390625E-8 0.15294122695922852 1.0 1.0 1.0 1.0 1.0 1.0 1.0 1.0 1.0 1.0 1.0 1.0 1.0 1.0 1.0 1.0 1.0 1.0 1.0 1.0 1.0 1.0 1.0 1.0 1.0 1.0 1.0 1.0 
1.0 1.0 1.0 1.0 1.0 1.0 1.0 1.0 1.0 1.0 1.0 1.0 1.0 1.0 1.0 1.0 1.0 1.0 1.0 1.0 1.0 0.8039215803146362 5.9604644775390625E-8 5.9604644775390625E-8 5.9604644775390625E-8 5.9604644775390625E-8 5.9604644775390625E-8 5.9604644775390625E-8 5.9604644775390625E-8 0.43529415130615234 1.0 1.0 1.0 1.0 1.0 1.0 1.0 1.0 1.0 1.0 1.0 1.0 1.0 1.0 1.0 1.0 1.0 1.0 1.0 1.0 1.0 1.0 1.0 1.0 1.0 1.0 1.0 1.0 1.0 1.0 1.0 1.0 1.0 1.0 1.0 0.2705882787704468 5.9604644775390625E-8 5.9604644775390625E-8 5.9604644775390625E-8 5.9604644775390625E-8 5.9604644775390625E-8 5.9604644775390625E-8 5.9604644775390625E-8 0.7607843279838562 1.0 1.0 1.0 1.0 1.0 1.0 1.0 1.0 1.0 1.0 1.0 1.0 1.0 1.0 1.0 1.0 1.0 1.0 1.0 1.0 1.0 1.0 1.0 1.0 1.0 1.0 1.0 
1.0 1.0 1.0 1.0 1.0 1.0 1.0 1.0 1.0 1.0 1.0 1.0 1.0 1.0 1.0 1.0 1.0 1.0 1.0 1.0 1.0 0.4117647409439087 5.9604644775390625E-8 5.9604644775390625E-8 5.9604644775390625E-8 5.9604644775390625E-8 5.9604644775390625E-8 5.9604644775390625E-8 5.9604644775390625E-8 0.8039215803146362 1.0 1.0 1.0 1.0 1.0 1.0 1.0 1.0 1.0 1.0 1.0 1.0 1.0 1.0 1.0 1.0 1.0 1.0 1.0 1.0 1.0 1.0 1.0 1.0 1.0 1.0 1.0 1.0 1.0 1.0 1.0 1.0 1.0 1.0 1.0 0.6352941393852234 5.9604644775390625E-8 5.9604644775390625E-8 5.9604644775390625E-8 5.9604644775390625E-8 5.9604644775390625E-8 5.9604644775390625E-8 5.9604644775390625E-8 0.37254905700683594 1.0 1.0 1.0 1.0 1.0 1.0 1.0 1.0 1.0 1.0 1.0 1.0 1.0 1.0 1.0 1.0 1.0 1.0 1.0 1.0 1.0 1.0 1.0 1.0 1.0 1.0 1.0 
1.0 1.0 1.0 1.0 1.0 1.0 1.0 1.0 1.0 1.0 1.0 1.0 1.0 1.0 1.0 1.0 1.0 1.0 1.0 1.0 0.9607843160629272 0.058823585510253906 5.9604644775390625E-8 5.9604644775390625E-8 5.9604644775390625E-8 5.9604644775390625E-8 5.9604644775390625E-8 5.9604644775390625E-8 0.16862750053405762 1.0 1.0 1.0 1.0 1.0 1.0 1.0 1.0 1.0 1.0 1.0 1.0 1.0 1.0 1.0 1.0 1.0 1.0 1.0 1.0 1.0 1.0 1.0 1.0 1.0 1.0 1.0 1.0 1.0 1.0 1.0 1.0 1.0 1.0 1.0 1.0 0.95686274766922 0.03921574354171753 5.9604644775390625E-8 5.9604644775390625E-8 5.9604644775390625E-8 5.9604644775390625E-8 5.9604644775390625E-8 5.9604644775390625E-8 0.03921574354171753 0.9411764740943909 1.0 1.0 1.0 1.0 1.0 1.0 1.0 1.0 1.0 1.0 1.0 1.0 1.0 1.0 1.0 1.0 1.0 1.0 1.0 1.0 1.0 1.0 1.0 1.0 1.0 1.0 
1.0 1.0 1.0 1.0 1.0 1.0 1.0 1.0 1.0 1.0 1.0 1.0 1.0 1.0 1.0 1.0 1.0 1.0 1.0 1.0 0.772549033164978 5.9604644775390625E-8 5.9604644775390625E-8 5.9604644775390625E-8 5.9604644775390625E-8 5.9604644775390625E-8 5.9604644775390625E-8 5.9604644775390625E-8 0.5372549295425415 1.0 1.0 1.0 1.0 1.0 1.0 0.9960784316062927 0.9960784316062927 0.9960784316062927 0.9960784316062927 1.0 1.0 1.0 1.0 1.0 1.0 1.0 1.0 1.0 1.0 1.0 1.0 1.0 1.0 1.0 1.0 1.0 1.0 1.0 1.0 1.0 1.0 1.0 1.0 1.0 1.0 1.0 0.35294121503829956 5.9604644775390625E-8 5.9604644775390625E-8 5.9604644775390625E-8 5.9604644775390625E-8 5.9604644775390625E-8 5.9604644775390625E-8 5.9604644775390625E-8 0.6666666865348816 1.0 1.0 1.0 1.0 1.0 1.0 1.0 1.0 1.0 1.0 1.0 1.0 1.0 1.0 1.0 1.0 1.0 1.0 1.0 1.0 1.0 1.0 1.0 1.0 1.0 1.0 
1.0 1.0 1.0 1.0 1.0 1.0 1.0 1.0 1.0 1.0 1.0 1.0 1.0 1.0 1.0 1.0 1.0 1.0 1.0 1.0 0.6941176652908325 5.9604644775390625E-8 5.9604644775390625E-8 5.9604644775390625E-8 5.9604644775390625E-8 5.9604644775390625E-8 5.9604644775390625E-8 0.011764764785766602 0.8980392217636108 1.0 1.0 1.0 1.0 1.0 0.9960784316062927 0.9960784316062927 0.9921568632125854 0.9960784316062927 1.0 1.0 1.0 1.0 1.0 1.0 1.0 1.0 1.0 1.0 1.0 1.0 1.0 1.0 1.0 1.0 1.0 1.0 1.0 1.0 1.0 1.0 1.0 1.0 1.0 1.0 1.0 1.0 0.7137255072593689 5.9604644775390625E-8 5.9604644775390625E-8 5.9604644775390625E-8 5.9604644775390625E-8 5.9604644775390625E-8 5.9604644775390625E-8 5.9604644775390625E-8 0.5058823823928833 1.0 1.0 1.0 1.0 1.0 1.0 1.0 1.0 1.0 1.0 1.0 1.0 1.0 1.0 1.0 1.0 1.0 1.0 1.0 1.0 1.0 1.0 1.0 1.0 1.0 1.0 
1.0 1.0 1.0 1.0 1.0 1.0 1.0 1.0 1.0 1.0 1.0 1.0 1.0 1.0 1.0 1.0 1.0 1.0 1.0 1.0 0.8980392217636108 0.023529469966888428 5.9604644775390625E-8 5.9604644775390625E-8 5.9604644775390625E-8 5.9604644775390625E-8 5.9604644775390625E-8 0.38823533058166504 1.0 1.0 1.0 1.0 1.0 0.9960784316062927 0.9960784316062927 0.9960784316062927 0.9960784316062927 1.0 1.0 1.0 1.0 1.0 1.0 1.0 1.0 1.0 1.0 1.0 1.0 1.0 1.0 1.0 1.0 1.0 1.0 1.0 1.0 1.0 1.0 1.0 1.0 1.0 1.0 1.0 1.0 1.0 0.9882352948188782 0.09411770105361938 5.9604644775390625E-8 5.9604644775390625E-8 5.9604644775390625E-8 5.9604644775390625E-8 5.9604644775390625E-8 5.9604644775390625E-8 0.686274528503418 1.0 1.0 1.0 1.0 1.0 1.0 1.0 1.0 1.0 0.9960784316062927 0.9960784316062927 1.0 1.0 1.0 1.0 1.0 1.0 1.0 1.0 1.0 1.0 1.0 1.0 1.0 1.0 1.0 
1.0 1.0 1.0 1.0 1.0 1.0 1.0 1.0 1.0 1.0 1.0 1.0 1.0 1.0 1.0 1.0 1.0 1.0 1.0 1.0 1.0 0.5568627715110779 5.9604644775390625E-8 5.9604644775390625E-8 5.9604644775390625E-8 0.07058829069137573 0.4078431725502014 0.9686274528503418 1.0 1.0 1.0 1.0 0.9960784316062927 0.9960784316062927 0.9960784316062927 0.9960784316062927 1.0 1.0 1.0 1.0 1.0 1.0 1.0 1.0 1.0 1.0 1.0 1.0 1.0 1.0 1.0 1.0 1.0 1.0 1.0 1.0 1.0 1.0 1.0 1.0 1.0 1.0 1.0 1.0 1.0 1.0 1.0 0.5764706134796143 5.9604644775390625E-8 5.9604644775390625E-8 5.9604644775390625E-8 5.9604644775390625E-8 5.9604644775390625E-8 0.2862745523452759 0.9960784316062927 1.0 1.0 1.0 1.0 1.0 1.0 1.0 1.0 1.0 0.9921568632125854 0.9960784316062927 0.9960784316062927 1.0 1.0 1.0 1.0 1.0 1.0 1.0 1.0 1.0 1.0 1.0 1.0 1.0 1.0 
1.0 1.0 1.0 1.0 1.0 1.0 1.0 1.0 1.0 1.0 1.0 1.0 1.0 1.0 1.0 1.0 1.0 1.0 1.0 1.0 1.0 1.0 0.7254902124404907 0.5137255191802979 0.9607843160629272 1.0 1.0 1.0 1.0 1.0 1.0 1.0 0.9960784316062927 0.9921568632125854 0.9960784316062927 0.9960784316062927 1.0 1.0 1.0 1.0 1.0 1.0 1.0 1.0 1.0 1.0 1.0 1.0 1.0 1.0 1.0 1.0 1.0 1.0 1.0 1.0 1.0 1.0 1.0 1.0 1.0 1.0 1.0 1.0 1.0 1.0 1.0 0.9960784316062927 0.5568627715110779 0.1254902482032776 0.043137311935424805 0.20000004768371582 0.5607843399047852 0.9882352948188782 1.0 1.0 1.0 1.0 1.0 1.0 1.0 1.0 1.0 0.9960784316062927 0.9921568632125854 0.9921568632125854 0.9960784316062927 1.0 1.0 1.0 1.0 1.0 1.0 1.0 1.0 1.0 1.0 1.0 1.0 1.0 1.0 
1.0 1.0 1.0 1.0 1.0 1.0 1.0 1.0 1.0 1.0 1.0 1.0 1.0 1.0 1.0 1.0 1.0 1.0 1.0 1.0 1.0 1.0 1.0 1.0 1.0 1.0 1.0 1.0 1.0 1.0 1.0 0.9960784316062927 0.9960784316062927 0.9921568632125854 1.0 1.0 1.0 1.0 1.0 1.0 1.0 1.0 1.0 1.0 1.0 1.0 1.0 1.0 1.0 1.0 1.0 1.0 1.0 1.0 1.0 1.0 1.0 1.0 1.0 1.0 1.0 1.0 1.0 1.0 1.0 1.0 1.0 0.9921568632125854 0.9960784316062927 0.9960784316062927 1.0 1.0 1.0 1.0 1.0 1.0 1.0 1.0 1.0 1.0 1.0 1.0 0.9960784316062927 0.9960784316062927 0.9921568632125854 0.9960784316062927 0.9960784316062927 1.0 1.0 1.0 1.0 1.0 1.0 1.0 1.0 1.0 1.0 1.0 1.0 1.0 1.0 
1.0 1.0 1.0 1.0 1.0 1.0 1.0 1.0 1.0 1.0 1.0 1.0 1.0 1.0 1.0 1.0 1.0 1.0 1.0 1.0 1.0 1.0 1.0 1.0 1.0 1.0 1.0 1.0 1.0 1.0 0.9960784316062927 0.9960784316062927 0.9921568632125854 0.9960784316062927 1.0 1.0 1.0 1.0 1.0 1.0 1.0 1.0 1.0 1.0 1.0 1.0 1.0 1.0 1.0 1.0 1.0 1.0 1.0 1.0 1.0 1.0 1.0 1.0 1.0 1.0 1.0 1.0 1.0 1.0 1.0 1.0 0.9921568632125854 0.9960784316062927 0.9960784316062927 1.0 1.0 1.0 1.0 1.0 1.0 1.0 1.0 1.0 1.0 1.0 1.0 1.0 1.0 0.9960784316062927 0.9921568632125854 0.9960784316062927 0.9960784316062927 1.0 1.0 1.0 1.0 1.0 1.0 1.0 1.0 1.0 1.0 1.0 1.0 1.0 1.0 
1.0 1.0 1.0 1.0 1.0 1.0 1.0 1.0 1.0 1.0 1.0 1.0 1.0 1.0 1.0 1.0 1.0 1.0 1.0 1.0 1.0 1.0 1.0 1.0 1.0 1.0 1.0 1.0 1.0 0.9960784316062927 0.9960784316062927 0.9921568632125854 0.9960784316062927 1.0 1.0 1.0 1.0 1.0 1.0 1.0 1.0 1.0 1.0 1.0 1.0 1.0 1.0 1.0 1.0 1.0 1.0 1.0 1.0 1.0 1.0 1.0 1.0 1.0 1.0 1.0 1.0 1.0 1.0 1.0 1.0 0.9921568632125854 0.9960784316062927 0.9960784316062927 1.0 1.0 1.0 1.0 1.0 1.0 1.0 1.0 1.0 1.0 1.0 1.0 1.0 1.0 1.0 1.0 0.9960784316062927 0.9960784316062927 1.0 1.0 1.0 1.0 1.0 1.0 1.0 1.0 1.0 1.0 1.0 1.0 1.0 1.0 1.0 
1.0 1.0 1.0 1.0 1.0 1.0 1.0 1.0 1.0 1.0 1.0 1.0 1.0 1.0 1.0 1.0 1.0 1.0 1.0 1.0 1.0 1.0 1.0 1.0 1.0 1.0 1.0 1.0 0.9960784316062927 0.9960784316062927 0.9960784316062927 0.9960784316062927 1.0 1.0 1.0 1.0 1.0 1.0 1.0 1.0 1.0 1.0 1.0 1.0 1.0 1.0 1.0 1.0 1.0 1.0 1.0 1.0 1.0 1.0 1.0 1.0 1.0 1.0 1.0 1.0 1.0 1.0 1.0 1.0 0.9960784316062927 0.9960784316062927 0.9960784316062927 0.9960784316062927 1.0 1.0 1.0 1.0 1.0 1.0 1.0 1.0 1.0 1.0 1.0 1.0 1.0 1.0 1.0 1.0 1.0 1.0 1.0 1.0 1.0 1.0 1.0 1.0 1.0 1.0 1.0 1.0 1.0 1.0 1.0 1.0 1.0 
1.0 1.0 1.0 1.0 1.0 1.0 1.0 1.0 1.0 1.0 1.0 1.0 1.0 1.0 1.0 1.0 1.0 1.0 1.0 1.0 1.0 1.0 1.0 1.0 1.0 1.0 1.0 1.0 0.9960784316062927 0.9960784316062927 0.9960784316062927 1.0 1.0 1.0 1.0 1.0 1.0 1.0 1.0 1.0 1.0 1.0 1.0 1.0 1.0 1.0 1.0 1.0 1.0 1.0 1.0 1.0 1.0 1.0 1.0 1.0 1.0 1.0 1.0 1.0 1.0 1.0 1.0 0.9960784316062927 0.9960784316062927 0.9960784316062927 0.9960784316062927 1.0 1.0 1.0 1.0 1.0 1.0 1.0 1.0 1.0 1.0 1.0 1.0 1.0 1.0 1.0 1.0 1.0 1.0 1.0 1.0 1.0 1.0 1.0 1.0 1.0 1.0 1.0 1.0 1.0 1.0 1.0 1.0 1.0 1.0 
1.0 1.0 1.0 1.0 1.0 1.0 1.0 1.0 1.0 1.0 1.0 1.0 1.0 1.0 1.0 1.0 1.0 1.0 1.0 1.0 1.0 1.0 1.0 1.0 1.0 1.0 1.0 0.9960784316062927 0.9960784316062927 0.9960784316062927 0.9960784316062927 1.0 1.0 1.0 1.0 1.0 1.0 1.0 1.0 1.0 1.0 1.0 1.0 1.0 1.0 1.0 1.0 1.0 1.0 1.0 1.0 1.0 1.0 1.0 1.0 1.0 1.0 1.0 1.0 1.0 1.0 1.0 0.9960784316062927 0.9960784316062927 0.9960784316062927 0.9960784316062927 1.0 1.0 1.0 1.0 1.0 1.0 1.0 1.0 1.0 1.0 1.0 1.0 1.0 1.0 1.0 1.0 1.0 1.0 1.0 1.0 1.0 1.0 1.0 1.0 1.0 1.0 1.0 1.0 1.0 1.0 1.0 1.0 1.0 1.0 1.0 
1.0 1.0 1.0 1.0 1.0 1.0 1.0 1.0 1.0 1.0 1.0 1.0 1.0 1.0 1.0 1.0 1.0 1.0 1.0 1.0 1.0 1.0 1.0 1.0 1.0 1.0 0.9960784316062927 0.9960784316062927 0.9921568632125854 1.0 1.0 1.0 1.0 1.0 1.0 1.0 1.0 1.0 1.0 1.0 1.0 1.0 1.0 1.0 1.0 1.0 1.0 1.0 1.0 1.0 1.0 1.0 1.0 1.0 1.0 1.0 1.0 1.0 1.0 1.0 1.0 1.0 0.9960784316062927 0.9921568632125854 0.9960784316062927 1.0 1.0 1.0 1.0 1.0 1.0 1.0 1.0 1.0 1.0 1.0 1.0 1.0 1.0 1.0 1.0 1.0 1.0 1.0 1.0 1.0 1.0 1.0 1.0 1.0 1.0 1.0 1.0 1.0 1.0 1.0 1.0 1.0 1.0 1.0 1.0 
1.0 1.0 1.0 1.0 1.0 1.0 1.0 1.0 1.0 1.0 1.0 1.0 1.0 1.0 1.0 1.0 1.0 1.0 1.0 1.0 1.0 1.0 1.0 1.0 1.0 0.9960784316062927 0.9960784316062927 0.9921568632125854 0.9960784316062927 1.0 1.0 1.0 1.0 1.0 1.0 1.0 1.0 1.0 1.0 1.0 1.0 1.0 1.0 1.0 1.0 1.0 1.0 1.0 1.0 1.0 1.0 1.0 1.0 1.0 1.0 1.0 1.0 1.0 1.0 1.0 1.0 0.9960784316062927 0.9921568632125854 0.9960784316062927 0.9960784316062927 1.0 1.0 1.0 1.0 1.0 1.0 1.0 1.0 1.0 1.0 1.0 1.0 1.0 1.0 1.0 1.0 1.0 1.0 1.0 1.0 1.0 1.0 1.0 1.0 1.0 1.0 1.0 1.0 1.0 1.0 1.0 1.0 1.0 1.0 1.0 1.0 
1.0 1.0 1.0 1.0 1.0 1.0 1.0 1.0 1.0 1.0 1.0 1.0 1.0 1.0 1.0 1.0 1.0 1.0 1.0 1.0 1.0 1.0 1.0 1.0 0.9960784316062927 0.9960784316062927 0.9921568632125854 0.9960784316062927 1.0 1.0 1.0 1.0 1.0 1.0 1.0 1.0 1.0 1.0 1.0 1.0 1.0 1.0 1.0 1.0 1.0 1.0 1.0 1.0 1.0 1.0 1.0 1.0 1.0 1.0 1.0 1.0 1.0 1.0 1.0 1.0 0.9960784316062927 0.9960784316062927 0.9960784316062927 0.9960784316062927 1.0 1.0 1.0 1.0 1.0 1.0 1.0 1.0 1.0 1.0 1.0 1.0 1.0 1.0 1.0 1.0 1.0 1.0 1.0 1.0 1.0 1.0 1.0 1.0 1.0 1.0 1.0 1.0 1.0 1.0 1.0 1.0 1.0 1.0 1.0 1.0 1.0 
1.0 1.0 1.0 1.0 1.0 1.0 1.0 1.0 1.0 1.0 1.0 1.0 1.0 1.0 1.0 1.0 1.0 1.0 1.0 1.0 1.0 1.0 1.0 0.9960784316062927 0.9960784316062927 0.9921568632125854 0.9921568632125854 1.0 1.0 1.0 1.0 1.0 1.0 1.0 1.0 1.0 1.0 1.0 1.0 1.0 1.0 1.0 1.0 1.0 1.0 1.0 1.0 1.0 1.0 1.0 1.0 1.0 1.0 1.0 1.0 1.0 1.0 1.0 1.0 0.9960784316062927 0.9960784316062927 0.9960784316062927 0.9960784316062927 1.0 1.0 1.0 1.0 1.0 1.0 1.0 1.0 1.0 1.0 1.0 1.0 1.0 1.0 1.0 1.0 1.0 1.0 1.0 1.0 1.0 1.0 1.0 1.0 1.0 1.0 1.0 1.0 1.0 1.0 1.0 1.0 1.0 1.0 1.0 1.0 1.0 1.0 
1.0 1.0 1.0 1.0 1.0 1.0 1.0 1.0 1.0 1.0 1.0 1.0 1.0 1.0 1.0 1.0 1.0 1.0 1.0 1.0 1.0 1.0 1.0 0.9960784316062927 0.9960784316062927 0.9921568632125854 1.0 1.0 1.0 1.0 1.0 1.0 1.0 1.0 1.0 1.0 1.0 1.0 1.0 1.0 1.0 1.0 1.0 1.0 1.0 1.0 1.0 1.0 1.0 1.0 1.0 1.0 1.0 1.0 1.0 1.0 1.0 1.0 0.9960784316062927 0.9960784316062927 0.9960784316062927 0.9960784316062927 1.0 1.0 1.0 1.0 1.0 1.0 1.0 1.0 1.0 1.0 1.0 1.0 1.0 1.0 1.0 1.0 1.0 1.0 1.0 1.0 1.0 1.0 1.0 1.0 1.0 1.0 1.0 1.0 1.0 1.0 1.0 1.0 1.0 1.0 1.0 1.0 1.0 1.0 1.0 
1.0 1.0 1.0 1.0 1.0 1.0 1.0 1.0 1.0 1.0 1.0 1.0 1.0 1.0 1.0 1.0 1.0 1.0 1.0 1.0 1.0 1.0 0.9960784316062927 0.9960784316062927 0.9921568632125854 0.9960784316062927 1.0 1.0 1.0 1.0 1.0 1.0 1.0 1.0 1.0 1.0 1.0 1.0 1.0 1.0 1.0 1.0 1.0 1.0 1.0 1.0 1.0 1.0 1.0 1.0 1.0 1.0 1.0 1.0 1.0 1.0 1.0 0.9960784316062927 0.9921568632125854 0.9921568632125854 0.9960784316062927 0.9960784316062927 1.0 1.0 1.0 1.0 1.0 1.0 1.0 1.0 1.0 1.0 1.0 1.0 1.0 1.0 1.0 1.0 1.0 1.0 1.0 1.0 1.0 1.0 1.0 1.0 1.0 1.0 1.0 1.0 1.0 1.0 1.0 1.0 1.0 1.0 1.0 1.0 1.0 1.0 1.0 
1.0 1.0 1.0 1.0 1.0 1.0 1.0 1.0 1.0 1.0 1.0 1.0 1.0 1.0 1.0 1.0 1.0 1.0 1.0 1.0 1.0 0.9960784316062927 0.9960784316062927 0.9921568632125854 0.9960784316062927 1.0 1.0 1.0 1.0 1.0 1.0 1.0 1.0 1.0 1.0 1.0 1.0 1.0 1.0 1.0 1.0 1.0 1.0 1.0 1.0 1.0 1.0 1.0 1.0 1.0 1.0 1.0 1.0 1.0 1.0 1.0 1.0 0.9960784316062927 0.9921568632125854 0.9960784316062927 0.9960784316062927 1.0 1.0 1.0 1.0 1.0 1.0 1.0 1.0 1.0 1.0 1.0 1.0 1.0 1.0 1.0 1.0 1.0 1.0 1.0 1.0 1.0 1.0 1.0 1.0 1.0 1.0 1.0 1.0 1.0 1.0 1.0 1.0 1.0 1.0 1.0 1.0 1.0 1.0 1.0 1.0 
1.0 1.0 1.0 1.0 1.0 1.0 1.0 1.0 1.0 1.0 1.0 1.0 1.0 1.0 1.0 1.0 1.0 1.0 1.0 1.0 0.9960784316062927 0.9960784316062927 0.9921568632125854 0.9960784316062927 1.0 1.0 1.0 1.0 1.0 1.0 1.0 1.0 1.0 1.0 1.0 1.0 1.0 1.0 1.0 1.0 1.0 1.0 1.0 1.0 1.0 1.0 1.0 1.0 1.0 1.0 1.0 1.0 1.0 1.0 1.0 1.0 0.9960784316062927 0.9921568632125854 0.9921568632125854 0.9960784316062927 1.0 1.0 1.0 1.0 1.0 1.0 1.0 1.0 1.0 1.0 1.0 1.0 1.0 1.0 1.0 1.0 1.0 1.0 1.0 1.0 1.0 1.0 1.0 1.0 1.0 1.0 1.0 1.0 1.0 1.0 1.0 1.0 1.0 1.0 1.0 1.0 1.0 1.0 1.0 1.0 1.0 
1.0 1.0 1.0 1.0 1.0 1.0 1.0 1.0 1.0 1.0 1.0 1.0 1.0 1.0 1.0 1.0 1.0 1.0 1.0 0.9960784316062927 0.9960784316062927 0.9921568632125854 0.9960784316062927 1.0 1.0 1.0 1.0 1.0 1.0 1.0 1.0 1.0 1.0 1.0 1.0 1.0 1.0 1.0 1.0 1.0 1.0 1.0 1.0 1.0 1.0 1.0 1.0 1.0 1.0 1.0 1.0 1.0 1.0 1.0 1.0 0.9960784316062927 0.9921568632125854 0.9921568632125854 0.9921568632125854 0.9960784316062927 1.0 1.0 1.0 1.0 1.0 1.0 1.0 1.0 1.0 1.0 1.0 1.0 1.0 1.0 1.0 1.0 1.0 1.0 1.0 1.0 1.0 1.0 1.0 1.0 1.0 1.0 1.0 1.0 1.0 1.0 1.0 1.0 1.0 1.0 1.0 1.0 1.0 1.0 1.0 1.0 1.0 
1.0 1.0 1.0 1.0 1.0 1.0 1.0 1.0 1.0 1.0 1.0 1.0 1.0 1.0 1.0 1.0 1.0 1.0 1.0 0.9960784316062927 0.9921568632125854 0.9921568632125854 1.0 1.0 1.0 1.0 1.0 1.0 1.0 1.0 1.0 1.0 1.0 1.0 1.0 1.0 1.0 1.0 1.0 1.0 1.0 1.0 1.0 1.0 1.0 1.0 1.0 1.0 1.0 1.0 1.0 1.0 1.0 1.0 1.0 0.9921568632125854 0.9921568632125854 0.9921568632125854 0.9921568632125854 1.0 1.0 1.0 1.0 1.0 1.0 1.0 1.0 1.0 1.0 1.0 1.0 1.0 1.0 1.0 1.0 1.0 1.0 0.9960784316062927 0.9960784316062927 0.9960784316062927 1.0 1.0 1.0 1.0 1.0 1.0 1.0 1.0 1.0 1.0 1.0 1.0 1.0 1.0 1.0 1.0 1.0 1.0 1.0 1.0 1.0 
1.0 1.0 1.0 1.0 1.0 1.0 1.0 1.0 1.0 1.0 1.0 1.0 1.0 1.0 1.0 1.0 1.0 1.0 1.0 0.9960784316062927 0.9921568632125854 1.0 1.0 1.0 1.0 1.0 1.0 1.0 1.0 1.0 1.0 1.0 1.0 1.0 1.0 1.0 1.0 1.0 1.0 1.0 1.0 1.0 1.0 1.0 1.0 1.0 1.0 1.0 1.0 1.0 1.0 1.0 1.0 1.0 0.9921568632125854 0.9803921580314636 0.9686274528503418 0.9803921580314636 0.9921568632125854 1.0 1.0 1.0 1.0 1.0 1.0 1.0 1.0 1.0 1.0 1.0 1.0 1.0 1.0 1.0 1.0 0.9960784316062927 0.9921568632125854 0.9921568632125854 0.9960784316062927 0.9960784316062927 1.0 1.0 1.0 1.0 1.0 1.0 1.0 1.0 1.0 1.0 1.0 1.0 1.0 1.0 1.0 1.0 1.0 1.0 1.0 1.0 1.0 
1.0 1.0 1.0 1.0 1.0 1.0 1.0 1.0 1.0 1.0 1.0 1.0 1.0 1.0 1.0 1.0 1.0 1.0 0.9960784316062927 0.9960784316062927 0.9960784316062927 1.0 1.0 1.0 1.0 1.0 1.0 1.0 1.0 1.0 1.0 1.0 1.0 1.0 1.0 1.0 1.0 1.0 1.0 1.0 1.0 1.0 1.0 1.0 1.0 1.0 1.0 1.0 1.0 1.0 1.0 1.0 1.0 0.9921568632125854 0.9764705896377563 0.9490196108818054 0.9607843160629272 0.9803921580314636 0.9921568632125854 1.0 1.0 1.0 1.0 1.0 1.0 1.0 1.0 1.0 1.0 1.0 1.0 1.0 1.0 1.0 1.0 0.9960784316062927 0.9921568632125854 0.9921568632125854 0.9921568632125854 1.0 1.0 1.0 1.0 1.0 1.0 1.0 1.0 1.0 1.0 1.0 1.0 1.0 1.0 1.0 1.0 1.0 1.0 1.0 1.0 1.0 1.0 
